assets/server-info/layers/rain_coolest.asc
NCOLS 494
NROWS 531
XLLCORNER -117
YLLCORNER -55.8333
CELLSIZE 0.166667
NODATA_VALUE -99999
[rows 259 to 295 of 531, columns 332 to 414 of 494]
131 123 122 121 119 119 129 128 127 125 124 159 157 155 151 150 79 94 94 76 70 70 70 71 71 72 72 72 72 73 74 75 75 75 71 71 70 68 68 67 66 60 58 56 55 52 57 57 52 36 35 14 34 33 29 28 28 27 26 25 25 24 24 24 25 26 27 29 31 33 35 38 40 41 41 42 44 45 46 46 46 45 43
128 120 119 118 117 117 127 126 124 122 119 118 117 115 123 78 78 72 112 66 68 68 69 69 69 69 71 71 71 73 73 73 74 75 75 70 70 69 67 67 66 60 59 56 54 51 29 52 36 36 35 34 33 32 28 27 12 26 24 22 22 21 21 21 22 23 25 27 29 31 34 34 36 39 41 42 44 45 46 47 46 45 43
125 118 117 115 122 121 119 122 120 118 117 116 114 121 119 76 110 64 64 64 66 66 68 68 68 68 69 69 72 72 72 73 73 73 74 71 69 69 68 67 66 59 59 56 54 41 39 37 32 35 35 34 33 31 30 27 26 24 22 21 21 9 9 9 20 20 22 25 27 29 31 33 35 38 40 41 43 44 46 46 45 44 42
100 99 122 121 119 118 117 115 117 116 115 111 110 118 75 69 63 63 63 63 63 65 65 66 66 67 68 69 70 70 72 72 72 74 74 75 70 69 68 68 66 60 59 45 43 41 39 37 35 35 13 34 33 31 30 26 25 22 9 20 19 9 18 18 9 18 20 21 23 26 28 31 34 36 38 39 41 43 44 44 44 42 39
99 98 98 118 117 116 114 112 114 113 110 109 102 67 93 61 61 61 61 61 61 63 64 65 65 65 66 68 69 69 70 71 73 73 73 74 75 60 60 59 55 54 52 46 43 42 39 37 35 30 34 33 32 31 29 28 24 22 21 20 19 18 17 17 17 17 19 20 22 25 27 29 32 35 36 37 39 40 40 40 39 38 36
98 97 96 95 116 113 112 109 108 109 108 100 92 92 92 60 60 60 60 60 60 61 62 63 63 65 65 67 68 69 69 72 72 73 73 73 63 63 62 60 55 55 53 46 43 42 40 38 37 34 27 33 32 31 29 28 23 21 9 9 18 9 17 9 16 17 9 20 21 24 26 28 30 32 34 34 35 36 36 36 35 34 30
97 96 95 95 94 94 109 108 92 92 94 91 91 61 61 60 58 58 57 58 58 59 60 62 62 63 64 66 67 68 70 70 72 72 64 64 64 64 63 62 57 55 54 46 46 43 42 39 37 34 27 27 13 31 29 28 26 21 20 9 18 17 9 9 16 17 9 20 21 23 26 27 28 30 31 32 32 32 32 31 30 29 26
95 95 94 94 93 99 97 94 92 87 85 85 84 61 60 57 57 56 56 54 54 54 54 56 57 58 58 61 61 63 64 65 64 64 64 64 65 65 66 63 58 57 55 48 46 44 42 40 37 35 32 27 25 22 26 11 23 22 20 19 18 18 17 17 17 17 18 20 9 23 25 26 27 28 29 30 30 7 28 7 7 6 6
94 94 94 93 99 98 89 89 88 87 81 84 84 84 56 81 54 53 53 53 53 54 54 54 57 57 58 60 61 63 64 65 64 64 65 65 66 66 66 66 59 58 56 48 47 45 42 40 37 35 34 32 25 30 28 11 23 22 9 19 18 9 18 17 9 18 19 20 22 23 24 25 26 27 28 28 27 26 8 6 6 5 5
94 89 99 92 92 91 89 89 88 81 81 84 84 83 54 53 52 78 78 51 51 51 53 54 54 83 58 60 61 63 64 65 67 65 66 66 66 66 66 66 66 59 57 50 47 45 42 41 39 37 34 32 26 31 30 28 11 23 10 9 19 19 9 18 18 19 20 9 22 24 23 23 23 24 24 24 23 6 6 5 5 5 4
90 107 93 92 92 92 89 89 88 82 81 84 59 85 53 52 78 51 78 50 50 78 51 53 54 57 57 60 61 64 64 65 68 66 67 67 67 66 66 66 66 66 57 50 48 46 44 42 40 37 35 32 30 31 30 29 11 26 23 22 20 19 19 19 19 19 20 21 22 23 23 23 23 23 7 7 7 7 6 6 5 5 5
108 93 93 92 92 92 89 89 84 82 81 60 87 85 53 81 50 50 50 49 78 78 78 51 54 54 57 60 61 64 65 67 68 67 67 68 68 68 66 66 66 66 59 51 50 47 45 42 40 37 36 34 32 26 12 30 29 27 26 23 21 20 20 20 20 20 21 21 22 23 24 23 7 22 22 7 7 6 6 6 5 5 5
108 93 93 93 92 92 90 89 84 83 82 60 87 84 53 51 50 77 76 76 47 76 50 78 53 54 57 60 61 64 66 68 68 68 68 68 68 68 68 66 66 60 59 56 50 47 45 42 41 38 37 34 32 26 25 31 31 30 11 27 22 21 21 21 21 21 22 22 23 23 9 24 7 23 21 20 6 6 6 5 5 5 5
93 93 93 93 92 92 90 90 84 83 82 59 58 84 81 50 50 76 76 76 76 76 76 78 51 54 57 60 63 65 67 68 71 69 69 69 68 68 68 67 66 60 59 56 56 47 46 43 41 38 37 35 33 27 17 33 32 31 30 27 24 24 22 22 22 22 23 23 9 24 24 24 24 7 22 7 6 6 6 5 5 5 5
93 93 93 93 92 90 90 90 84 84 90 88 87 84 81 79 77 76 76 47 76 76 76 78 51 54 58 61 64 66 68 70 71 71 71 71 71 70 69 68 62 60 59 56 55 54 46 43 41 40 37 36 33 39 38 36 33 12 11 11 27 10 24 10 23 23 23 24 24 24 24 8 24 23 7 7 6 6 6 6 5 5 5
96 94 94 93 93 92 90 90 84 84 90 89 87 84 53 79 78 76 76 76 76 76 76 78 53 56 59 62 66 68 70 71 73 72 73 71 71 71 70 69 63 60 59 56 54 51 46 43 41 39 38 36 41 40 39 38 34 33 33 29 29 11 24 24 24 24 24 25 25 25 25 25 24 24 8 20 19 7 6 6 6 5 5
96 95 95 94 93 93 93 90 85 89 90 61 59 86 81 51 50 48 76 76 47 76 76 51 81 57 61 64 67 70 73 73 75 74 74 73 73 71 70 65 63 60 58 56 54 51 49 43 41 39 38 36 18 42 41 39 35 35 34 33 33 33 9 25 25 25 25 25 25 25 25 25 25 24 24 21 19 7 6 6 6 6 6
103 95 95 95 94 93 93 93 92 89 92 90 60 58 53 81 50 50 76 47 76 48 78 53 57 60 64 66 69 73 75 76 77 76 76 76 74 72 71 65 63 60 58 55 54 51 49 47 41 39 37 48 18 43 42 41 37 13 35 35 34 34 34 27 27 26 26 26 26 26 26 26 25 25 24 20 23 22 19 18 6 6 6
103 96 96 96 96 96 93 95 92 90 93 90 90 59 55 53 81 78 50 78 50 78 53 55 59 62 66 69 73 76 78 79 80 80 79 77 75 74 68 65 63 60 56 54 51 49 47 46 44 23 49 23 44 43 18 42 38 38 36 36 35 35 35 28 28 28 10 27 27 27 27 25 24 24 23 22 22 21 20 19 17 17 17
104 98 97 97 96 96 96 95 93 92 90 64 62 61 60 56 54 53 53 53 53 54 57 59 62 66 69 73 76 79 81 83 83 83 81 79 77 75 69 65 63 59 56 54 51 49 46 44 42 40 49 23 46 44 44 18 39 39 38 38 36 36 36 36 29 29 29 29 29 29 28 26 25 25 25 24 23 23 22 22 21 21 18
116 99 99 99 99 97 96 95 95 93 90 64 93 91 90 57 84 55 55 82 83 57 60 63 66 69 73 77 81 83 85 85 85 85 83 81 78 73 70 65 63 59 55 51 49 46 44 42 40 40 37 22 46 19 44 41 40 39 39 39 38 37 37 37 34 34 30 30 30 30 29 29 26 27 26 25 24 24 24 24 22 22 22
116 100 100 99 99 99 98 97 95 93 92 96 64 64 91 86 58 83 57 58 60 60 63 66 69 72 77 81 84 87 89 90 90 89 86 83 79 73 70 65 62 58 54 51 49 45 42 40 38 37 36 50 19 46 46 42 41 40 40 39 39 39 38 36 36 35 35 31 31 31 31 31 31 28 28 27 27 26 25 25 25 24 24
116 102 102 102 100 99 99 98 96 95 93 96 96 94 64 61 61 58 59 60 61 63 66 68 72 76 80 84 89 92 94 96 95 93 89 84 81 75 70 65 61 57 53 49 46 43 40 38 36 35 34 33 51 46 46 43 42 42 14 40 40 39 38 37 37 37 36 36 32 33 33 33 33 32 29 28 27 27 26 26 26 25 25
112 113 103 102 102 108 101 99 98 96 94 97 67 96 95 89 61 61 61 61 63 66 67 70 75 78 83 89 94 97 101 101 101 96 92 87 81 75 70 65 60 56 51 46 44 40 38 35 34 32 31 51 51 46 46 44 42 42 41 40 40 40 39 37 37 37 36 36 38 37 36 36 34 34 34 33 33 32 27 27 26 26 26
113 113 113 113 108 108 101 99 99 96 96 93 97 96 96 61 61 63 61 88 64 66 69 72 75 80 86 92 97 104 108 110 106 101 94 88 81 75 70 65 60 55 49 45 41 38 35 33 31 31 29 21 50 21 46 44 43 42 42 45 43 43 43 42 41 38 38 38 37 37 37 36 36 36 35 33 33 32 32 28 28 28 26
113 113 118 117 109 109 108 100 99 98 96 95 98 97 96 62 92 63 60 63 63 65 68 72 76 81 87 94 102 110 117 121 117 108 97 88 80 74 69 64 58 53 48 43 39 35 33 31 29 28 26 50 49 19 19 45 45 45 45 45 43 43 43 41 41 39 38 38 38 37 37 37 36 36 36 34 33 33 32 31 31 28 28
120 120 117 117 117 109 109 102 99 99 96 97 96 98 97 62 62 63 87 61 63 63 66 70 74 80 86 95 105 116 129 135 130 114 97 85 78 71 66 61 56 50 45 40 35 33 30 29 26 26 25 48 19 19 48 46 46 45 45 44 43 43 42 41 41 39 39 39 37 37 38 37 37 36 36 35 33 33 32 31 31 31 30
121 119 117 116 116 115 108 108 107 99 100 99 97 98 67 91 91 61 59 88 60 62 64 66 71 77 84 93 105 119 137 152 145 114 89 78 72 68 65 60 55 49 42 36 33 29 27 26 24 23 22 19 19 19 47 17 46 16 45 44 43 43 42 41 41 39 38 38 38 37 37 37 37 36 36 35 34 33 32 32 31 31 30
120 117 116 116 114 114 108 108 107 107 101 100 97 96 98 61 91 91 86 86 86 88 89 90 65 71 79 89 100 112 129 146 133 92 72 66 66 64 62 57 52 47 39 34 29 25 24 24 24 22 20 18 18 18 47 17 17 44 44 44 43 43 41 41 41 39 39 39 38 38 38 37 37 36 36 35 35 33 32 32 31 31 30
116 116 115 114 114 113 113 107 107 107 105 100 98 97 95 98 91 90 89 86 85 85 85 86 59 65 72 81 92 99 106 105 82 78 76 78 81 61 60 56 51 45 39 30 27 23 22 22 21 20 18 18 45 18 18 17 17 44 44 44 43 42 41 41 41 39 39 38 38 38 38 38 36 36 36 35 35 33 32 32 31 30 30
117 115 113 113 111 111 112 106 106 106 105 108 107 107 95 98 58 90 87 85 84 83 83 83 85 88 64 74 81 84 83 73 56 69 69 74 77 79 57 55 50 44 36 30 25 22 21 22 21 20 18 18 18 18 18 17 17 16 44 44 43 42 41 41 41 39 39 39 39 39 38 38 37 37 36 34 34 34 33 32 32 31 30
116 115 112 110 109 109 109 106 106 106 108 109 107 107 104 106 103 88 86 85 83 82 80 80 80 83 87 65 72 74 71 84 76 71 71 74 76 78 78 52 49 43 36 30 25 22 22 22 21 20 18 18 45 18 17 17 45 16 44 44 43 42 41 41 40 40 39 40 40 40 39 39 37 37 35 34 34 34 33 33 32 31 31
117 113 110 107 106 106 107 108 111 108 109 109 109 107 105 106 103 94 86 84 82 80 79 79 79 80 84 59 65 67 66 82 78 75 75 75 77 78 78 52 49 43 37 30 27 24 23 22 23 22 19 18 18 18 17 45 45 44 44 43 43 42 41 41 39 40 39 40 40 41 40 39 37 37 36 34 34 34 33 33 31 31 30
116 112 107 103 103 103 105 108 109 108 109 110 110 108 106 107 103 100 92 84 82 81 79 79 79 80 83 86 87 63 85 82 79 78 77 77 78 56 77 52 49 43 39 33 30 27 25 24 24 23 19 19 19 47 17 46 46 45 44 43 43 43 41 41 39 39 39 40 40 40 39 39 38 38 37 35 35 35 33 32 31 31 31
116 111 105 101 100 101 105 107 111 110 111 111 111 110 107 109 105 102 93 87 84 82 80 79 79 80 82 85 87 86 62 83 82 79 78 78 78 79 55 52 49 45 40 35 33 30 28 26 26 25 20 19 19 19 18 46 16 45 45 43 43 42 41 41 39 39 40 39 39 40 39 39 40 40 38 38 36 35 34 32 30 30 29
115 110 105 100 100 101 105 107 111 111 112 112 113 111 110 106 102 103 99 90 85 84 81 80 81 82 84 85 87 62 61 83 82 82 81 80 80 79 77 51 49 45 41 37 34 32 30 29 27 26 21 21 19 19 18 16 45 45 45 43 43 42 42 41 39 39 39 39 39 39 39 39 41 41 42 40 38 36 35 32 31 31 33
116 111 106 103 102 104 106 110 113 112 113 114 114 114 111 109 106 101 98 97 89 85 82 82 82 84 84 86 87 61 88 83 83 82 82 82 81 56 55 51 49 45 42 39 36 34 32 30 30 29 21 51 21 50 47 16 45 45 44 43 43 42 42 42 39 38 38 39 39 39 39 41 42 43 43 42 40 37 35 33 32 31 36
