assets/server-info/layers/rain_tot.asc
NCOLS 494
NROWS 531
XLLCORNER -117
YLLCORNER -55.8333
CELLSIZE 0.166667
NODATA_VALUE -99999
[rows 245 to 279 of 531, columns 385 to 461 of 494]
2087 2066 1897 1887 1872 1860 1847 1832 1664 1665 1666 1667 1666 1668 1667 1666 1666 1667 1666 1668 1667 1667 1667 1664 1665 1663 1654 1648 1642 1634 1629 1624 1622 1613 1598 1598 1599 1600 1600 1534 1525 1433 1416 1397 1380 1220 1203 1187 1175 982 969 833 825 815 804 792 816 805 797 783 774 767 757 747 728 730 660 661 661 667 704 714 723 732 742 749 756
2062 2038 1878 1864 1855 1840 1830 1816 1662 1664 1666 1667 1667 1667 1667 1668 1668 1665 1667 1665 1668 1668 1667 1666 1666 1663 1659 1656 1650 1643 1639 1635 1633 1619 1619 1620 1621 1621 1621 1540 1436 1389 1367 1344 1324 1199 1182 1166 1063 844 837 828 818 808 798 785 801 791 777 763 755 741 687 666 664 645 651 654 658 660 669 708 719 727 737 747 756
2037 2013 1858 1845 1836 1823 1813 1661 1661 1664 1666 1666 1667 1666 1669 1668 1667 1667 1667 1666 1668 1667 1668 1666 1668 1666 1665 1662 1659 1653 1649 1648 1644 1629 1628 1628 1628 1629 1627 1400 1379 1356 1335 1312 1289 1172 1156 1060 927 907 831 823 815 802 791 778 788 778 707 696 685 674 664 656 655 637 639 642 649 655 665 671 714 723 733 742 753
2012 1989 1839 1830 1818 1807 1660 1661 1662 1663 1664 1666 1666 1669 1669 1669 1669 1668 1668 1668 1668 1668 1668 1670 1672 1672 1670 1670 1666 1662 1661 1657 1644 1642 1638 1637 1637 1636 1555 1420 1347 1324 1302 1275 1252 1094 950 929 914 897 881 821 811 799 788 744 730 717 704 690 677 664 654 646 643 629 632 639 643 651 660 667 708 720 731 741 749
1991 1967 1821 1812 1802 1792 1658 1658 1660 1663 1664 1664 1666 1667 1671 1671 1672 1671 1670 1670 1670 1671 1671 1674 1674 1675 1678 1678 1677 1674 1670 1667 1653 1650 1648 1584 1572 1558 1422 1398 1369 1337 1266 1240 1085 1068 938 919 904 889 876 861 811 800 759 746 731 717 702 685 670 656 641 635 632 620 624 630 638 645 656 686 698 707 719 734 746
1964 1943 1805 1795 1787 1654 1657 1657 1659 1659 1661 1664 1666 1666 1669 1673 1671 1671 1674 1675 1677 1676 1678 1681 1681 1683 1685 1671 1669 1665 1664 1659 1619 1609 1595 1583 1567 1421 1400 1374 1340 1307 1269 1106 1085 939 922 909 895 883 870 866 855 776 764 750 733 716 701 680 663 646 629 621 618 611 617 624 635 643 653 684 695 707 717 724 722
1943 1755 1743 1615 1617 1620 1622 1622 1625 1629 1630 1635 1637 1642 1645 1672 1673 1674 1678 1680 1683 1683 1685 1690 1693 1695 1682 1681 1678 1675 1672 1668 1663 1612 1595 1470 1440 1408 1372 1342 1310 1278 1249 1086 1065 1048 911 911 902 891 880 869 857 782 769 755 736 719 700 675 657 635 616 609 601 602 607 616 630 642 653 665 694 705 715 723 731
1762 1749 1737 1614 1615 1617 1619 1619 1624 1625 1627 1631 1634 1638 1642 1646 1650 1655 1660 1665 1668 1670 1673 1676 1681 1682 1694 1692 1692 1685 1682 1677 1672 1614 1496 1465 1430 1395 1360 1329 1297 1263 1232 1071 1052 1033 922 915 904 894 886 875 859 795 776 760 740 723 701 674 652 627 607 596 591 592 602 610 626 642 655 666 695 705 716 723 726
1735 1721 1611 1611 1611 1612 1615 1617 1620 1621 1624 1628 1634 1638 1641 1645 1652 1656 1661 1668 1673 1679 1683 1688 1692 1696 1697 1697 1704 1698 1685 1678 1673 1666 1593 1461 1423 1389 1352 1318 1282 1247 1213 1059 1038 1021 925 915 906 897 887 876 865 802 789 768 749 728 703 679 652 626 602 586 585 583 596 607 626 645 660 673 701 709 717 721 722
1723 1712 1609 1609 1609 1610 1611 1613 1614 1618 1621 1623 1627 1633 1638 1643 1651 1656 1662 1672 1678 1687 1694 1704 1709 1713 1716 1714 1714 1708 1701 1692 1679 1672 1600 1462 1426 1385 1348 1308 1272 1232 1104 1074 1046 939 925 916 908 899 890 881 822 811 798 776 757 736 713 686 659 629 604 586 586 583 596 611 631 649 666 680 689 713 719 720 719
1714 1703 1607 1605 1606 1608 1609 1610 1611 1614 1616 1621 1623 1629 1636 1641 1648 1658 1666 1675 1686 1696 1709 1718 1727 1732 1734 1731 1731 1722 1714 1702 1687 1678 1669 1466 1426 1384 1343 1306 1262 1134 1101 1069 1041 940 927 916 908 902 892 884 833 822 805 790 764 746 722 696 672 640 613 599 591 594 605 620 642 660 675 690 697 719 723 724 717
1706 1603 1603 1604 1605 1606 1606 1606 1607 1608 1613 1615 1619 1623 1632 1641 1647 1656 1667 1679 1692 1707 1720 1734 1746 1751 1756 1752 1749 1737 1724 1710 1694 1683 1489 1441 1401 1360 1316 1277 1236 1135 1098 1063 1033 940 928 918 910 902 895 888 844 828 815 797 774 756 734 712 687 660 636 619 613 619 621 638 655 672 690 704 712 715 730 726 717
1600 1602 1601 1601 1599 1601 1601 1601 1603 1605 1605 1609 1613 1620 1625 1631 1640 1654 1667 1681 1697 1712 1731 1749 1764 1772 1776 1772 1765 1749 1735 1717 1700 1614 1495 1448 1409 1365 1322 1279 1236 1137 1098 1061 1026 951 929 918 911 903 898 892 853 839 821 804 783 762 744 728 707 684 661 647 643 645 644 658 674 690 706 717 727 728 764 734 722
1599 1599 1599 1599 1597 1598 1599 1597 1598 1599 1600 1604 1605 1612 1620 1628 1638 1651 1666 1683 1700 1721 1740 1759 1775 1789 1793 1789 1778 1759 1742 1682 1648 1548 1501 1454 1413 1370 1327 1285 1243 1141 1101 1061 1023 950 935 921 913 904 900 895 861 846 826 806 787 773 752 738 724 706 685 674 669 670 665 676 692 706 720 733 743 777 773 770 753
1633 1598 1595 1599 1596 1595 1595 1592 1591 1594 1595 1597 1602 1605 1612 1620 1634 1646 1663 1681 1702 1725 1749 1773 1788 1801 1805 1800 1788 1767 1723 1685 1647 1552 1503 1459 1417 1378 1337 1295 1249 1205 1110 1065 1023 953 933 919 908 903 901 898 872 855 829 805 783 771 755 746 737 723 705 697 692 683 686 696 707 720 738 750 761 792 793 784 769
1630 1595 1595 1594 1594 1591 1589 1589 1588 1587 1587 1591 1595 1600 1607 1615 1625 1643 1661 1681 1702 1725 1749 1771 1790 1803 1814 1802 1788 1766 1716 1679 1591 1549 1503 1462 1422 1387 1350 1311 1267 1220 1125 1075 988 957 932 915 904 901 904 893 882 861 830 799 775 762 756 750 744 734 720 713 699 700 705 709 721 732 748 763 781 809 810 802 790
1625 1623 1592 1592 1590 1587 1586 1586 1585 1584 1584 1585 1587 1591 1600 1609 1619 1639 1654 1675 1695 1717 1739 1764 1781 1797 1800 1794 1777 1754 1704 1629 1581 1539 1501 1462 1430 1397 1366 1331 1290 1243 1117 1071 1001 966 936 913 901 895 905 898 884 861 833 797 769 754 752 752 748 732 717 710 709 710 714 715 724 735 751 777 810 822 823 817 850
1626 1623 1592 1591 1587 1586 1585 1582 1583 1581 1580 1581 1583 1588 1595 1605 1618 1628 1645 1665 1683 1703 1722 1745 1762 1776 1780 1773 1755 1727 1677 1605 1564 1527 1495 1464 1439 1412 1387 1358 1322 1278 1160 1108 1029 984 946 917 901 892 895 891 879 859 828 792 762 752 752 755 743 730 722 718 715 717 717 720 721 729 748 777 817 833 834 845 860
1624 1620 1617 1589 1585 1584 1583 1582 1580 1579 1580 1580 1581 1585 1591 1598 1610 1622 1634 1651 1668 1684 1701 1718 1731 1742 1742 1731 1714 1691 1635 1574 1538 1512 1486 1465 1448 1433 1414 1395 1367 1329 1215 1161 1070 1015 966 931 911 900 899 882 872 850 825 792 767 756 754 759 756 733 726 718 718 717 717 717 714 716 729 766 816 833 839 849 874
1624 1620 1616 1586 1583 1583 1580 1581 1579 1579 1577 1577 1580 1582 1588 1595 1604 1614 1627 1638 1652 1664 1675 1686 1695 1697 1695 1685 1665 1617 1593 1538 1516 1496 1479 1467 1459 1449 1444 1432 1417 1386 1289 1226 1127 1061 1000 957 930 915 907 875 862 843 822 798 777 768 763 766 758 731 727 747 743 720 716 712 708 704 712 756 798 837 845 862 894
1626 1619 1616 1611 1583 1583 1581 1580 1579 1579 1577 1577 1580 1580 1586 1592 1599 1610 1619 1627 1634 1640 1647 1651 1650 1646 1637 1623 1605 1559 1541 1499 1486 1478 1470 1468 1470 1475 1479 1483 1480 1461 1380 1316 1207 1126 1051 997 957 936 923 861 849 833 818 800 788 777 773 761 760 758 752 746 743 734 726 716 705 706 706 739 807 840 863 890 931
1583 1600 1597 1593 1590 1586 1580 1581 1580 1578 1579 1579 1580 1584 1586 1589 1595 1602 1607 1612 1616 1618 1620 1615 1608 1595 1578 1559 1518 1500 1488 1460 1459 1460 1463 1471 1482 1495 1517 1533 1543 1538 1480 1416 1301 1205 1113 1044 996 961 854 845 835 821 810 799 788 782 779 765 763 758 754 749 744 736 729 721 712 709 720 766 813 853 889 928 982
1627 1622 1596 1593 1591 1588 1585 1581 1580 1580 1581 1582 1580 1584 1585 1590 1592 1595 1599 1600 1599 1599 1593 1583 1570 1550 1525 1501 1463 1450 1444 1429 1434 1443 1455 1471 1491 1517 1546 1574 1597 1601 1566 1506 1386 1279 1173 1088 1032 986 841 834 825 813 803 792 786 782 779 766 763 762 753 750 745 741 733 726 720 718 739 796 835 879 923 1066 1153
1629 1625 1620 1595 1592 1588 1587 1582 1580 1580 1580 1580 1584 1584 1587 1587 1589 1593 1592 1589 1587 1579 1567 1553 1528 1506 1477 1452 1427 1403 1401 1398 1410 1425 1444 1470 1496 1531 1571 1606 1636 1645 1627 1570 1457 1340 1225 1129 1059 1006 961 821 812 803 794 787 780 777 776 765 764 762 760 752 750 744 739 731 731 729 765 879 931 993 1063 1133 1221
1631 1627 1622 1618 1616 1591 1589 1583 1581 1582 1581 1581 1584 1586 1588 1589 1590 1587 1585 1579 1572 1564 1547 1529 1504 1472 1443 1415 1391 1378 1378 1383 1390 1410 1437 1465 1497 1540 1583 1620 1652 1667 1652 1599 1490 1376 1258 1156 1081 1017 965 812 804 793 785 779 774 773 773 764 765 763 762 759 755 747 744 740 737 745 787 943 990 1051 1123 1197 1283
1572 1629 1626 1621 1618 1615 1591 1584 1583 1581 1581 1581 1586 1587 1589 1587 1587 1585 1580 1571 1564 1549 1533 1513 1480 1455 1423 1396 1371 1360 1360 1369 1388 1416 1428 1461 1496 1536 1581 1617 1639 1653 1639 1591 1490 1383 1271 1170 1090 1019 963 918 796 786 778 776 771 767 766 765 765 766 765 765 761 757 762 759 756 756 807 1004 1051 1110 1179 1252 1329
1573 1575 1630 1627 1623 1619 1616 1583 1583 1582 1582 1583 1589 1590 1589 1587 1584 1582 1576 1564 1555 1541 1524 1501 1470 1444 1413 1387 1366 1356 1356 1364 1386 1410 1445 1454 1486 1525 1565 1596 1606 1616 1601 1559 1461 1367 1263 1169 1090 1019 958 911 790 782 777 772 770 769 762 765 766 768 768 769 766 764 771 769 765 765 765 976 1107 1165 1232 1298 1371
1573 1600 1633 1630 1629 1625 1585 1579 1584 1582 1582 1582 1592 1590 1590 1586 1583 1578 1572 1562 1550 1534 1518 1497 1472 1442 1414 1392 1373 1362 1363 1377 1389 1413 1445 1478 1511 1510 1541 1567 1558 1563 1549 1516 1413 1336 1245 1159 1084 1014 955 905 863 779 773 773 770 769 763 765 766 769 772 771 773 771 776 775 775 774 771 1014 1162 1215 1276 1336 1578
1602 1601 1599 1626 1592 1589 1587 1584 1580 1584 1584 1583 1595 1593 1589 1588 1585 1578 1570 1561 1548 1533 1510 1495 1476 1444 1422 1405 1389 1380 1381 1393 1415 1419 1447 1477 1505 1533 1509 1532 1513 1514 1501 1469 1367 1298 1221 1142 1074 1008 951 904 861 778 775 773 770 768 766 769 770 774 776 779 778 780 785 782 779 779 777 1042 1080 1255 1309 1536 1579
1603 1603 1604 1628 1626 1627 1590 1588 1584 1572 1571 1570 1595 1593 1592 1590 1585 1580 1572 1563 1552 1537 1512 1494 1476 1461 1441 1425 1411 1405 1406 1417 1436 1460 1453 1478 1501 1522 1488 1501 1514 1466 1437 1406 1318 1258 1191 1123 1062 1003 946 904 865 826 778 776 773 773 771 773 777 782 786 788 789 794 794 792 788 787 785 1065 1101 1291 1514 1556 1711
1608 1606 1604 1631 1631 1629 1626 1626 1625 1573 1574 1574 1571 1596 1595 1591 1587 1581 1577 1568 1556 1544 1519 1503 1486 1477 1459 1449 1437 1434 1435 1444 1459 1478 1502 1526 1496 1457 1474 1484 1488 1490 1388 1358 1278 1226 1170 1110 1057 1001 953 913 879 848 787 785 783 782 779 782 787 795 799 800 803 804 803 801 796 795 791 1076 1114 1318 1538 1782 1779
1610 1607 1609 1636 1633 1631 1630 1628 1630 1630 1577 1578 1574 1573 1597 1596 1591 1587 1580 1571 1563 1551 1509 1523 1508 1494 1480 1471 1462 1460 1462 1468 1480 1472 1490 1510 1527 1463 1472 1479 1482 1483 1440 1323 1285 1190 1141 1092 1041 995 953 920 888 862 844 795 792 795 796 797 804 812 816 820 814 815 814 807 805 801 796 1283 1341 1396 1797 1797 1795
1612 1611 1610 1637 1635 1636 1634 1633 1635 1635 1581 1582 1580 1578 1576 1562 1558 1553 1561 1554 1544 1535 1525 1500 1492 1485 1476 1467 1462 1462 1465 1471 1478 1491 1503 1517 1530 1448 1451 1452 1454 1448 1439 1327 1216 1182 1139 1100 1028 988 954 925 898 875 861 804 806 810 816 824 832 840 838 844 844 839 837 835 833 951 988 1299 1357 1595 1813 1814 1813
1612 1614 1612 1639 1637 1638 1638 1635 1638 1637 1639 1585 1587 1584 1574 1571 1567 1562 1572 1565 1559 1538 1528 1520 1512 1509 1503 1497 1492 1484 1488 1492 1499 1508 1516 1527 1537 1434 1434 1429 1424 1416 1404 1392 1175 1149 1115 1084 1054 983 956 931 908 848 843 839 836 823 831 842 851 857 862 859 853 850 849 846 846 846 1047 1193 1377 1633 1682 1833 1837
1616 1614 1639 1637 1638 1639 1640 1640 1640 1640 1642 1606 1607 1592 1579 1577 1576 1570 1567 1577 1557 1551 1544 1536 1530 1529 1525 1518 1517 1514 1512 1510 1518 1524 1529 1537 1544 1424 1419 1413 1401 1389 1377 1360 1264 1123 1098 1073 1047 899 891 879 872 866 859 854 850 851 855 861 866 867 869 867 860 856 855 854 852 1029 1065 1208 1434 1503 1689 1851 1857
