assets/server-info/layers/rain_coolest.asc
NCOLS 494
NROWS 531
XLLCORNER -117
YLLCORNER -55.8333
CELLSIZE 0.166667
NODATA_VALUE -99999
[rows 185 to 221 of 531, columns 332 to 414 of 494]
914 916 918 887 891 895 898 899 878 876 873 870 886 881 875 868 862 853 989 990 992 991 993 1003 1002 483 494 501 505 504 506 501 499 499 504 514 527 541 573 593 645 667 690 710 728 747 765 784 802 880 901 921 942 1028 1039 1049 1058 1066 1073 1078 1082 1087 1090 1092 1203 1209 1215 1222 1242 1250 -99999 -99999 -99999 -99999 -99999 -99999 -99999 -99999 -99999 -99999 -99999 -99999 -99999
904 907 911 877 882 885 888 890 866 866 863 860 880 876 870 863 987 849 988 990 990 990 981 1002 1000 480 491 498 503 504 518 513 509 507 510 524 536 550 581 622 646 668 689 711 728 747 766 782 802 878 898 918 937 1028 1038 1048 1055 1063 1069 1075 1079 1083 1086 1207 1212 1218 1239 1245 1252 1396 -99999 -99999 -99999 -99999 -99999 -99999 -99999 -99999 -99999 -99999 -99999 -99999 -99999
892 898 901 865 871 875 879 854 855 854 853 849 847 870 865 860 986 987 988 989 990 976 976 974 974 996 488 496 500 531 526 521 519 532 536 543 555 569 583 605 621 636 690 710 729 748 766 782 800 818 895 913 932 947 1038 1046 1052 1060 1066 1072 1075 1138 1147 1157 1222 1240 1248 1254 1398 1407 1416 -99999 -99999 -99999 -99999 -99999 -99999 -99999 -99999 -99999 -99999 -99999 -99999
880 885 891 896 803 808 812 843 844 843 843 841 838 833 861 855 986 986 987 974 972 971 970 969 969 968 510 542 540 537 533 531 550 549 553 558 568 579 592 606 617 639 654 667 729 747 764 781 799 816 892 911 927 941 957 1045 1052 1058 1063 1069 1135 1145 1155 1151 1243 1250 1257 1401 1409 1419 -99999 -99999 -99999 -99999 -99999 -99999 -99999 -99999 -99999 -99999 -99999 -99999 -99999
864 755 764 773 781 788 792 795 797 832 830 831 827 825 857 850 985 972 970 967 965 964 962 962 961 962 963 548 547 545 543 572 568 568 570 576 583 593 604 616 628 637 648 670 681 691 764 781 796 808 822 907 923 936 950 963 1049 1055 1123 1131 1141 1152 1148 1161 1253 1259 1402 1411 1420 1430 -99999 -99999 -99999 -99999 -99999 -99999 -99999 -99999 -99999 -99999 -99999 -99999 -99999
721 834 742 750 758 764 770 773 775 777 820 819 817 815 900 946 967 964 962 960 957 956 955 954 954 955 521 526 557 555 597 591 588 587 589 594 600 609 619 629 639 648 657 665 671 678 703 774 789 804 818 833 846 859 945 957 1048 1118 1128 1138 1135 1146 1158 1170 1182 1403 1412 1421 1430 1441 1450 -99999 -99999 -99999 -99999 -99999 -99999 -99999 -99999 -99999 -99999 -99999 -99999
699 816 719 728 736 741 748 751 754 756 884 884 885 885 885 869 867 957 954 951 950 948 946 946 946 946 946 579 578 645 638 610 607 606 608 611 616 624 633 643 651 659 667 675 681 686 691 738 789 801 815 828 841 853 864 876 1037 1124 1120 1130 1144 1155 1166 1181 1403 1412 1421 1431 1440 1451 1462 -99999 -99999 -99999 -99999 -99999 -99999 -99999 -99999 -99999 -99999 -99999 -99999
788 796 803 811 711 718 723 727 730 733 864 865 867 868 868 851 848 847 844 942 940 937 936 935 934 934 594 595 675 669 664 660 659 659 661 665 671 642 649 657 666 673 680 686 692 696 701 745 751 759 811 824 836 846 858 868 1039 1051 1128 1140 1152 1165 1177 1191 1411 1419 1430 1439 1449 1460 1472 -99999 -99999 -99999 -99999 -99999 -99999 -99999 -99999 -99999 -99999 -99999 -99999
770 663 783 790 796 694 699 808 707 842 844 846 847 849 851 831 829 827 826 825 825 925 924 923 921 608 610 705 699 694 690 687 686 686 687 692 696 702 689 695 702 687 692 699 704 708 711 752 759 765 770 776 830 840 929 935 1039 1054 1138 1149 1161 1174 1186 1409 1418 1426 1436 1447 1457 1469 1481 -99999 -99999 -99999 -99999 -99999 -99999 -99999 -99999 -99999 -99999 -99999 -99999
752 759 765 772 777 781 676 788 683 822 824 826 829 831 813 811 810 808 807 806 807 806 808 910 622 735 730 724 721 717 714 711 711 711 714 716 720 725 711 716 722 725 730 734 738 741 743 759 764 770 775 779 785 918 924 929 1039 1203 1163 1320 1247 1254 1389 1268 1424 1432 1442 1453 1463 1476 1489 -99999 -99999 -99999 -99999 -99999 -99999 -99999 -99999 -99999 -99999 -99999 -99999
718 724 748 753 758 761 763 766 753 752 752 749 746 744 790 788 787 786 785 786 786 786 788 635 664 754 750 746 744 741 739 738 736 737 738 741 744 747 734 737 740 744 747 751 752 755 757 757 771 775 779 784 788 791 919 924 1259 1144 1307 1173 1250 1257 1264 1272 1428 1436 1447 1457 1469 1481 1495 1510 1527 -99999 -99999 -99999 -99999 -99999 -99999 -99999 -99999 -99999 -99999
703 708 711 716 718 721 731 732 731 730 728 726 724 722 719 766 766 765 766 765 765 766 652 773 771 769 768 766 764 762 761 759 759 759 759 762 764 767 754 756 759 762 876 765 766 767 768 769 769 796 801 805 810 813 912 1210 1224 1240 1275 1289 1303 1260 1267 1274 1409 1420 1431 1444 1457 1472 1489 1507 1524 1545 1567 1590 1613 1624 1627 -99999 -99999 -99999 -99999
690 692 695 696 699 700 710 709 708 706 704 703 700 698 696 742 743 743 742 743 744 745 790 789 788 877 878 878 785 784 783 782 782 782 884 887 784 785 773 775 777 777 779 897 780 780 897 897 780 807 811 816 820 825 982 1204 1219 1234 1251 1268 1286 1318 1333 1398 1409 1418 1431 1443 1457 1472 1490 1508 1526 1550 1577 1609 1639 1663 1672 1658 -99999 -99999 -99999
679 679 680 681 681 681 690 688 687 684 683 680 678 676 674 719 720 719 721 721 796 885 803 803 891 803 803 803 802 801 802 802 800 800 800 800 801 801 906 908 791 792 791 792 792 791 965 969 972 856 935 938 830 1087 1182 1197 1213 1228 1246 1263 1281 1300 1348 1363 1379 1418 1429 1441 1454 1469 1487 1501 1523 1551 1581 1619 1662 1698 1716 1700 1655 -99999 -99999
667 667 665 664 662 661 660 666 664 661 659 657 654 652 652 644 695 696 766 738 812 895 899 902 905 908 911 820 821 820 818 821 819 818 818 926 815 815 805 926 926 804 965 968 969 972 851 977 980 863 986 989 994 1088 1176 1191 1207 1223 1240 1257 1276 1295 1343 1358 1374 1389 1406 1438 1450 1464 1478 1494 1515 1543 1575 1618 1671 1723 1753 1735 1671 1586 -99999
658 655 651 647 644 641 638 644 641 637 635 634 632 704 629 719 728 684 749 820 823 826 910 914 919 922 925 929 931 933 935 937 938 941 941 942 944 945 940 970 972 972 974 976 978 979 855 858 987 989 992 996 1001 1155 1169 1186 1201 1218 1235 1252 1269 1289 1306 1352 1368 1383 1398 1414 1429 1456 1467 1481 1500 1524 1553 1594 1649 1708 1749 1722 1645 1555 1480
650 643 639 633 628 623 689 685 619 616 694 610 695 695 698 683 690 751 893 901 831 835 920 924 930 935 939 941 946 947 949 950 952 953 955 955 956 854 977 978 980 980 981 982 983 985 987 989 992 995 999 1002 1006 1135 1164 1180 1196 1212 1230 1245 1264 1283 1300 1346 1361 1375 1391 1405 1420 1434 1453 1466 1481 1497 1518 1547 1585 1628 1653 1622 1556 1491 1439
608 632 624 618 692 685 681 677 674 720 726 684 685 643 735 744 753 792 898 835 913 845 929 935 942 863 864 955 868 961 963 964 965 966 967 967 984 985 985 986 855 986 986 987 988 990 992 994 996 1000 1003 1008 1114 1129 1160 1175 1191 1206 1224 1240 1257 1276 1292 1339 1353 1367 1381 1395 1408 1429 1438 1447 1455 1464 1471 1478 1480 1474 1451 1422 1408 1401 1389
598 584 692 691 684 698 673 668 691 730 738 744 752 663 746 754 842 799 835 911 919 929 859 944 952 958 963 968 971 974 880 877 976 976 976 860 993 991 991 990 990 990 989 989 991 993 995 997 1000 1004 1008 1013 1110 1124 1154 1170 1185 1202 1218 1234 1251 1269 1171 1329 1344 1358 1372 1386 1397 1416 1422 1427 1429 1429 1424 1409 1380 1331 1223 1211 1221 1319 1344
704 572 685 676 676 709 717 725 732 739 746 752 760 767 755 723 876 889 903 913 924 935 868 875 961 968 973 979 982 985 894 889 986 985 985 985 998 997 996 994 992 991 991 992 992 994 997 999 1003 1007 1012 896 1108 1121 1151 1166 1181 1198 1214 1228 1244 1262 1278 1321 1335 1349 1362 1374 1385 1403 1407 1408 1407 1400 1387 1361 1320 1219 1191 1184 1195 1208 1313
573 687 676 706 767 776 785 792 797 804 810 759 766 774 781 772 874 888 903 917 859 939 877 885 970 978 985 990 993 995 997 902 896 994 993 1005 1002 1001 999 996 993 991 990 991 992 994 997 1001 1006 1011 890 900 975 1119 1147 1162 1177 1082 1209 1115 1238 1254 1269 1285 1326 1339 1352 1363 1372 1390 1392 1391 1387 1377 1360 1333 1294 1209 1191 1185 1193 1199 1297
692 677 669 764 773 782 788 795 799 805 810 814 820 828 825 849 871 885 902 919 931 945 956 893 902 987 994 1000 1003 1006 1007 1005 907 1000 999 1009 1006 1003 1001 996 992 988 987 987 991 993 997 1002 1008 1013 1019 905 1066 970 1145 1048 1175 1190 1099 1218 1128 1144 1261 1276 1200 1211 1340 1352 1361 1360 1362 1377 1372 1360 1345 1320 1225 1211 1200 1194 1196 1196 1291
684 751 762 772 780 787 792 796 800 803 807 812 818 826 834 844 867 884 901 918 933 948 891 974 986 995 1003 1010 1013 1015 1015 1012 1011 1007 1004 1012 1010 1007 1003 997 989 984 563 566 570 993 997 1002 1009 1015 1022 1030 958 973 989 1160 1067 1189 1099 1114 1127 1141 1155 1167 1307 1205 1330 1342 1350 1347 1349 1349 1346 1351 1338 1318 1223 1215 1207 1199 1196 1193 1292
743 763 771 779 785 790 794 797 800 802 805 809 815 822 831 858 863 880 845 918 935 952 967 980 992 1003 1012 1017 951 952 948 1020 1017 1013 1009 1017 1014 1011 1007 997 984 560 562 564 567 991 998 1004 1011 1019 1048 945 1071 980 1094 1053 1071 1187 1102 1114 1128 1140 1152 1163 1296 1308 1319 1331 1329 1334 1336 1337 1335 1329 1321 1320 1305 1216 1203 1199 1196 1188 1294
757 774 780 786 791 793 796 797 797 799 801 805 810 817 826 852 858 877 927 946 909 954 901 983 998 1009 1018 956 1029 1031 1031 953 1023 1018 907 1020 1019 1018 1015 1005 981 565 565 563 983 992 1000 1006 1014 1039 1050 950 1076 1088 1100 1161 1076 1186 1106 1117 1128 1139 1149 1160 1286 1298 1309 1320 1315 1322 1324 1325 1323 1320 1315 1306 1312 1303 1281 1194 1189 1284 1296
768 783 788 792 795 796 795 795 795 796 798 800 805 813 821 847 885 903 924 943 960 977 992 987 1001 1014 955 1030 1034 1035 1035 1031 1026 1021 1028 1027 1024 1026 1026 1023 999 571 567 560 985 995 1002 1009 1017 1042 934 955 977 1095 1016 1067 1084 1098 1110 1121 1130 1139 1148 1157 1167 1188 1300 1300 1304 1310 1313 1315 1314 1313 1309 1303 1298 1212 1285 1283 1283 1284 1287
780 792 796 797 798 796 795 794 791 791 792 793 800 808 817 841 878 898 919 940 957 975 990 941 1014 1024 1025 1033 1036 1038 1038 1033 1034 1032 1029 1029 1030 1034 1040 1055 1073 1022 552 988 993 1000 1006 1014 1033 1047 1059 1074 986 1008 1116 1076 1092 1106 1118 1206 1135 1142 1148 1156 1164 1183 1191 1199 1292 1296 1207 1303 1210 1210 1301 1298 1294 1291 1284 1281 1280 1280 1279
791 800 802 802 800 798 794 791 789 787 787 790 796 803 813 836 872 892 914 936 908 974 989 940 1014 1023 964 1035 1037 1039 1038 1036 1034 1031 1030 1032 1033 1039 1047 1063 1079 1060 1022 1007 1006 1008 1012 1018 1038 1052 950 973 998 1021 1043 1063 1103 1116 1126 1134 1139 1144 1150 1232 1161 1179 1281 1192 1194 1285 1288 1199 1292 1292 1200 1290 1288 1284 1277 1274 1272 1271 1269
800 809 808 806 802 799 793 789 786 783 784 787 793 800 811 836 868 889 912 934 905 972 929 939 947 1021 962 1032 1036 1037 1035 964 1034 1031 1031 1032 1034 1039 1047 1056 1060 1050 1032 1020 1015 1015 1019 1023 1045 1058 960 984 1105 1035 1059 1079 1115 1126 1134 1140 1144 1147 1151 1154 1160 1175 1183 1185 1188 1188 1190 1192 1281 1281 1281 1279 1188 1186 1273 1264 1262 1258 1255
810 817 814 811 807 801 794 789 784 783 783 786 790 800 810 834 867 887 909 931 904 916 985 998 946 1018 959 1030 1032 1033 964 958 1030 1031 1031 1032 1034 1038 1042 1049 1049 1044 1036 1029 1026 1027 1032 911 1051 949 1079 997 1024 1050 1075 1096 1126 1137 1143 1148 1149 1151 1153 1155 1158 1153 1176 1179 1180 1180 1181 1267 1267 1268 1267 1265 1175 1262 1259 1248 1245 1241 1238
823 821 822 817 811 804 798 790 786 783 783 786 792 800 811 837 867 863 910 930 949 915 982 994 943 1014 1021 958 959 960 1030 1029 1028 1030 1030 1031 1034 1042 1042 1044 1043 1041 1037 1034 1033 1034 1038 1046 1058 960 983 1106 1037 1065 1090 1112 1138 1148 1153 1155 1156 1156 1155 1157 1158 1151 1172 1172 1173 1173 1172 1172 1254 1253 1252 1164 1247 1244 1200 1119 1191 1220 1216
832 829 825 824 816 809 801 794 789 786 786 790 795 805 829 850 878 898 910 930 947 914 979 934 1003 946 1017 1021 1024 1026 1027 1027 1026 1026 1029 1032 1040 1041 1041 1042 1041 1040 1037 1037 1037 1039 1044 1052 1064 971 1095 1021 1050 1077 1102 1124 1138 1154 1160 1160 1161 1159 1158 1157 1151 1150 1169 1168 1167 1166 1242 1163 1160 1239 1236 1233 1229 1225 1172 1166 463 460 455
843 841 836 829 826 818 810 804 796 794 794 798 802 825 838 859 885 903 924 928 947 915 977 989 939 1007 947 1018 1021 1023 1023 1024 1024 1024 1041 1040 1040 1041 1041 1042 914 1040 1040 1041 1042 1045 931 1059 1069 1085 1004 1033 1062 1087 1112 1134 1147 1161 1164 1164 1164 1161 1159 1158 1150 1147 1151 1147 1142 1138 1133 1127 1122 1145 1140 1213 1208 442 437 433 280 224 220
855 877 848 842 833 830 821 813 812 808 807 807 826 837 849 872 891 911 921 934 962 916 976 986 996 941 1009 1014 947 1020 1021 1022 1022 1022 942 1042 1042 1042 1042 1041 1041 1042 1042 1044 924 1050 1056 1064 971 991 1014 1041 1069 1094 1119 1138 1152 1164 1167 1167 1164 1162 1160 1137 1150 1146 1147 1141 1135 1128 1122 1115 1108 1101 1093 494 472 1067 405 205 201 195 191
866 865 862 857 848 845 835 827 822 818 833 835 841 851 872 874 903 918 929 941 964 918 975 932 993 941 943 1011 1014 1018 1019 938 1020 1021 1043 1043 1043 1043 1044 1043 1044 1045 1045 1047 1050 941 951 1071 1081 1001 1022 1047 1073 1098 1121 1139 1153 1164 1166 1166 1162 1156 1147 1137 1148 1149 1143 1135 1128 1119 1111 1103 1094 1084 1076 473 447 360 307 181 293 170 165
916 882 880 874 867 859 855 847 841 855 854 856 860 882 876 887 912 929 939 950 958 966 975 984 993 999 1004 1008 1013 1015 1017 1018 1020 1020 1045 946 1045 1046 935 1046 1046 1048 1050 1052 1055 1060 1067 973 989 1008 1028 1051 1076 1098 1120 1137 1150 1157 1161 1162 1159 1153 1144 1134 1118 1144 1138 1129 1120 1110 1100 1090 1079 1068 481 389 211 336 313 157 152 146 179
938 901 899 896 925 881 871 867 885 879 877 877 880 886 892 918 928 939 951 961 975 975 934 938 992 945 1004 1008 1011 1014 1016 942 939 1020 1046 1046 1046 1047 1048 1048 1050 1051 1052 1055 952 1064 1072 981 1091 1014 1116 1053 1075 1096 1115 1131 1143 1149 1154 1154 1151 1147 1138 1129 1114 1139 1131 1122 1111 1101 614 571 984 434 234 366 336 176 160 177 174 169 164
