assets/server-info/layers/rain_tot.asc
NCOLS 494
NROWS 531
XLLCORNER -117
YLLCORNER -55.8333
CELLSIZE 0.166667
NODATA_VALUE -99999
[rows 280 to 314 of 531, columns 385 to 461 of 494]
1618 1616 1639 1638 1638 1638 1639 1641 1642 1642 1607 1608 1611 1612 1588 1585 1584 1582 1580 1577 1571 1566 1560 1554 1547 1549 1546 1543 1538 1536 1536 1537 1535 1538 1541 1545 1551 1510 1408 1396 1381 1365 1347 1327 1239 1101 1079 1060 1041 914 908 899 892 883 874 867 864 861 866 865 867 872 875 869 869 868 868 873 998 1039 1097 1230 1289 1501 1638 1871 1881
1618 1617 1638 1637 1639 1637 1638 1641 1643 1643 1609 1612 1614 1616 1617 1594 1579 1579 1576 1589 1584 1579 1576 1569 1565 1564 1561 1558 1556 1554 1553 1553 1555 1553 1550 1555 1556 1513 1400 1384 1366 1343 1323 1301 1217 1192 1065 1052 939 933 925 919 910 900 891 885 876 873 873 873 870 870 871 871 871 871 875 879 1015 1056 1103 1273 1337 1411 1488 1697 1854
1616 1617 1635 1634 1636 1638 1639 1644 1645 1646 1610 1613 1616 1618 1620 1612 1626 1624 1626 1611 1607 1639 1636 1633 1629 1579 1575 1569 1570 1566 1567 1566 1564 1565 1564 1562 1564 1563 1398 1377 1352 1326 1303 1258 1230 1172 1150 1059 955 950 943 934 928 919 909 896 889 885 881 878 871 872 873 882 873 878 881 887 1025 1061 1112 1161 1321 1393 1477 1557 1756
1606 1613 1630 1631 1635 1636 1633 1629 1633 1632 1634 1635 1620 1611 1613 1627 1628 1627 1629 1626 1626 1612 1639 1635 1632 1629 1587 1585 1580 1577 1575 1574 1574 1573 1572 1572 1509 1452 1425 1394 1387 1350 1319 1236 1209 1185 1162 1074 1005 999 995 989 945 937 924 913 903 899 893 888 884 879 889 892 904 912 927 936 1039 1069 1108 1151 1204 1370 1451 1538 1734
1602 1601 1627 1622 1625 1627 1630 1629 1630 1634 1634 1635 1613 1614 1618 1630 1630 1630 1630 1630 1629 1628 1643 1639 1635 1630 1624 1619 1589 1588 1584 1581 1580 1581 1580 1559 1550 1466 1432 1400 1361 1318 1302 1217 1187 1164 1102 1068 1033 1028 1022 1020 1019 1017 1017 1010 1003 992 908 928 922 919 925 919 926 933 940 946 1041 1068 1099 1136 1182 1244 1417 1508 1612
1599 1600 1617 1619 1622 1625 1626 1629 1631 1632 1634 1637 1616 1619 1623 1632 1632 1633 1633 1634 1632 1632 1631 1643 1639 1632 1626 1604 1599 1596 1596 1586 1584 1581 1582 1563 1528 1478 1442 1405 1362 1317 1275 1162 1138 1115 1098 1076 1030 1021 1017 1014 1017 1019 1018 1019 1016 1009 999 987 950 946 945 938 941 947 954 958 963 1061 1086 1118 1157 1214 1288 1465 1573
1594 1594 1610 1615 1620 1623 1626 1628 1633 1632 1634 1638 1621 1624 1627 1636 1635 1635 1634 1638 1636 1637 1638 1649 1643 1634 1612 1606 1600 1599 1594 1588 1585 1583 1583 1580 1534 1516 1452 1412 1363 1312 1255 1158 1132 1112 1089 1068 1036 1013 1005 1004 1009 1018 1024 1031 1028 1028 1023 1011 968 968 953 956 956 963 967 971 975 1053 1072 1096 1130 1179 1246 1327 1513
1584 1590 1604 1610 1615 1621 1625 1626 1631 1632 1636 1638 1625 1628 1633 1638 1639 1639 1636 1640 1641 1643 1646 1644 1650 1623 1614 1605 1599 1595 1595 1588 1587 1586 1585 1582 1543 1520 1458 1416 1363 1291 1199 1154 1129 1109 1088 1052 1032 1006 996 992 1001 1016 1027 1036 1042 1044 1042 1034 986 985 969 969 971 975 978 982 988 987 1056 1074 1101 1140 1198 1268 1424
1578 1584 1601 1609 1614 1619 1623 1627 1629 1634 1636 1640 1628 1635 1638 1644 1644 1641 1638 1640 1644 1651 1654 1655 1642 1630 1615 1606 1597 1593 1593 1586 1590 1589 1586 1582 1547 1521 1492 1416 1343 1292 1194 1152 1126 1109 1091 1062 1036 1001 981 984 998 1015 1033 1044 1054 1059 1023 1019 1002 997 982 980 980 982 988 995 999 999 1043 1054 1072 1104 1151 1272 1358
1575 1583 1598 1607 1614 1619 1622 1627 1629 1631 1636 1641 1631 1638 1647 1651 1650 1647 1644 1640 1647 1659 1667 1669 1659 1637 1617 1606 1597 1593 1592 1587 1589 1590 1586 1579 1546 1519 1488 1455 1341 1229 1192 1148 1129 1116 1105 1083 1059 1014 984 987 1008 1032 1042 1058 1068 1077 1042 1039 1045 1036 992 988 986 990 998 1008 1014 1014 1007 1038 1046 1086 1127 1216 1292
1579 1585 1601 1610 1613 1618 1622 1627 1630 1631 1636 1640 1635 1643 1655 1658 1660 1651 1645 1640 1647 1665 1681 1685 1670 1642 1615 1599 1592 1591 1583 1586 1585 1587 1584 1576 1536 1510 1481 1447 1338 1224 1188 1160 1129 1120 1117 1112 1100 1060 1024 1020 1032 1053 1059 1069 1078 1083 1086 1078 1069 1046 1029 993 988 992 1004 1017 1033 1044 1029 1034 1036 1053 1084 1167 1234
1585 1590 1604 1611 1615 1620 1623 1627 1629 1632 1635 1627 1636 1643 1655 1661 1665 1656 1641 1632 1640 1660 1683 1688 1669 1635 1609 1592 1585 1585 1585 1584 1583 1580 1574 1543 1526 1502 1470 1438 1336 1222 1189 1160 1132 1122 1120 1126 1123 1094 1067 1056 1062 1079 1091 1087 1091 1097 1098 1088 1078 1051 1029 1012 1001 1006 1015 1031 1053 1060 1037 1000 1008 1021 1048 1127 1192
1595 1597 1611 1616 1619 1621 1624 1627 1629 1630 1634 1623 1633 1641 1651 1656 1657 1646 1630 1616 1618 1633 1654 1660 1647 1621 1597 1582 1572 1578 1595 1591 1581 1574 1565 1527 1508 1485 1459 1430 1350 1220 1190 1164 1120 1120 1121 1125 1122 1107 1093 1089 1094 1102 1114 1103 1110 1111 1115 1106 1096 1062 1030 1004 993 993 1003 1023 1050 1058 1012 963 969 987 1017 1096 1161
1601 1604 1617 1619 1622 1624 1623 1626 1628 1631 1630 1619 1625 1634 1641 1644 1641 1629 1609 1590 1578 1582 1601 1615 1613 1600 1587 1573 1555 1536 1621 1593 1579 1562 1549 1506 1485 1465 1443 1419 1340 1219 1191 1130 1124 1123 1119 1118 1116 1109 1108 1110 1121 1128 1131 1121 1121 1128 1135 1133 1122 1073 1025 985 970 970 982 993 1001 983 921 899 922 951 982 1013 1177
1605 1609 1621 1624 1625 1626 1624 1626 1626 1628 1629 1615 1619 1622 1629 1627 1619 1603 1579 1552 1530 1528 1546 1572 1583 1586 1583 1577 1573 1591 1602 1588 1569 1549 1525 1506 1458 1443 1424 1360 1331 1221 1195 1138 1130 1127 1125 1116 1115 1118 1118 1127 1138 1145 1147 1133 1131 1141 1153 1158 1143 1092 1012 957 937 937 951 963 956 918 867 866 901 940 982 1020 1065
1610 1610 1626 1627 1626 1623 1625 1625 1624 1624 1627 1606 1608 1608 1614 1611 1600 1579 1554 1522 1495 1490 1507 1540 1562 1575 1580 1580 1582 1582 1584 1570 1547 1519 1490 1467 1424 1411 1405 1346 1322 1222 1156 1145 1137 1132 1130 1122 1121 1123 1128 1138 1148 1157 1156 1153 1138 1143 1158 1170 1148 1085 981 913 884 892 915 938 939 912 882 879 910 950 995 1037 1089
1616 1612 1628 1629 1629 1625 1623 1623 1623 1621 1622 1588 1603 1598 1603 1595 1583 1565 1539 1513 1490 1485 1501 1529 1552 1570 1579 1562 1564 1565 1564 1546 1517 1479 1442 1413 1403 1377 1376 1333 1314 1286 1164 1149 1141 1137 1134 1127 1130 1129 1135 1142 1151 1161 1160 1149 1160 1157 1158 1155 1125 1056 958 869 836 853 893 930 940 933 914 924 944 979 1021 1068 1124
1616 1613 1631 1631 1629 1626 1624 1625 1623 1620 1577 1580 1580 1573 1569 1563 1573 1559 1540 1520 1504 1501 1511 1531 1553 1569 1580 1586 1550 1548 1543 1521 1482 1434 1389 1359 1349 1346 1354 1323 1285 1263 1208 1152 1147 1139 1138 1147 1149 1132 1136 1144 1169 1166 1167 1176 1162 1158 1150 1138 1098 1037 951 866 831 848 892 936 956 959 952 974 989 1018 1060 1107 1227
1614 1611 1634 1632 1628 1625 1624 1622 1621 1571 1570 1570 1568 1561 1555 1550 1543 1531 1544 1529 1521 1519 1526 1541 1557 1571 1581 1543 1542 1535 1519 1500 1454 1398 1344 1317 1318 1322 1331 1311 1293 1231 1210 1188 1148 1142 1139 1145 1148 1157 1176 1182 1184 1183 1186 1192 1171 1162 1151 1133 1103 1038 971 906 877 891 929 970 996 1001 998 1027 1039 1067 1106 1217 1282
1612 1601 1633 1631 1628 1625 1623 1621 1619 1561 1562 1560 1557 1564 1561 1554 1547 1540 1534 1524 1520 1533 1542 1556 1569 1581 1546 1548 1546 1535 1514 1480 1435 1380 1332 1309 1312 1324 1339 1312 1296 1237 1214 1188 1159 1148 1143 1145 1151 1170 1191 1195 1204 1209 1212 1214 1188 1177 1161 1141 1117 1073 1032 993 951 968 1001 1038 1063 1064 1056 1082 1090 1112 1219 1271 1338
1616 1594 1590 1587 1627 1625 1622 1620 1555 1555 1553 1552 1557 1557 1553 1547 1541 1537 1532 1527 1525 1525 1509 1519 1532 1542 1556 1561 1557 1543 1523 1489 1445 1397 1351 1328 1331 1325 1335 1333 1301 1254 1228 1203 1161 1151 1145 1145 1151 1174 1202 1225 1232 1240 1247 1244 1257 1241 1175 1156 1154 1109 1084 1061 1053 1042 1081 1118 1141 1131 1110 1126 1130 1193 1262 1314 1381
1587 1588 1583 1579 1576 1576 1569 1562 1548 1545 1544 1542 1549 1547 1541 1537 1532 1529 1526 1522 1520 1504 1509 1520 1501 1519 1534 1594 1575 1564 1547 1510 1470 1428 1390 1369 1365 1347 1350 1346 1335 1262 1239 1214 1186 1170 1155 1154 1167 1190 1225 1252 1277 1296 1293 1308 1284 1250 1216 1175 1168 1139 1127 1115 1115 1135 1156 1194 1204 1189 1165 1183 1197 1227 1272 1347 1416
1573 1572 1573 1569 1567 1562 1563 1486 1542 1540 1536 1544 1541 1535 1531 1525 1522 1520 1514 1513 1483 1491 1476 1486 1504 1526 1550 1560 1587 1571 1575 1541 1501 1464 1432 1413 1377 1375 1372 1365 1350 1301 1253 1230 1235 1213 1193 1184 1200 1224 1256 1289 1321 1349 1364 1406 1326 1267 1202 1162 1161 1175 1179 1147 1151 1169 1185 1218 1225 1214 1190 1205 1218 1251 1298 1354 1418
1562 1560 1564 1559 1556 1555 1475 1475 1472 1473 1489 1537 1535 1529 1523 1518 1512 1506 1475 1471 1471 1475 1465 1478 1499 1527 1552 1587 1614 1616 1593 1548 1528 1495 1469 1451 1446 1398 1393 1383 1338 1317 1332 1279 1258 1247 1230 1221 1234 1299 1338 1320 1360 1402 1478 1491 1447 1360 1245 1167 1167 1187 1199 1201 1198 1201 1188 1211 1220 1208 1194 1218 1240 1271 1315 1367 1423
1546 1546 1542 1546 1545 1463 1464 1461 1461 1454 1454 1454 1503 1498 1493 1488 1483 1477 1447 1444 1443 1443 1448 1462 1485 1508 1557 1605 1646 1653 1618 1563 1538 1509 1486 1471 1462 1460 1459 1425 1414 1380 1358 1288 1273 1285 1266 1270 1311 1336 1365 1444 1488 1514 1529 1530 1499 1425 1326 1258 1254 1265 1231 1228 1220 1215 1198 1207 1203 1217 1199 1231 1254 1289 1330 1373 1439
1531 1529 1526 1525 1451 1450 1449 1448 1443 1445 1443 1443 1498 1492 1486 1479 1471 1440 1434 1430 1425 1420 1420 1431 1454 1496 1542 1591 1639 1649 1606 1548 1530 1510 1493 1476 1466 1462 1479 1490 1466 1404 1329 1309 1282 1271 1283 1291 1301 1344 1365 1444 1494 1522 1540 1543 1528 1473 1406 1363 1350 1350 1323 1323 1256 1200 1198 1199 1201 1218 1222 1283 1268 1304 1379 1407 1426
1517 1513 1513 1511 1432 1438 1438 1429 1434 1433 1434 1434 1432 1484 1479 1446 1440 1433 1425 1415 1405 1396 1389 1390 1410 1454 1506 1560 1591 1588 1552 1520 1541 1545 1536 1503 1475 1461 1474 1491 1481 1426 1341 1309 1296 1287 1295 1300 1307 1334 1349 1413 1471 1532 1546 1552 1537 1503 1441 1382 1366 1373 1349 1361 1300 1288 1203 1199 1244 1247 1255 1323 1348 1382 1384 1405 1414
1476 1498 1444 1421 1420 1404 1421 1422 1425 1425 1426 1426 1425 1427 1426 1443 1436 1428 1417 1403 1388 1370 1354 1346 1363 1409 1469 1509 1526 1505 1473 1477 1510 1538 1535 1500 1457 1446 1468 1495 1520 1498 1431 1319 1306 1297 1303 1305 1307 1326 1330 1365 1439 1515 1567 1586 1584 1552 1473 1380 1357 1380 1378 1328 1310 1296 1286 1277 1247 1251 1260 1332 1360 1382 1400 1413 1417
1460 1457 1429 1393 1389 1378 1377 1410 1413 1416 1417 1419 1421 1423 1425 1422 1434 1424 1413 1397 1377 1355 1330 1311 1320 1366 1430 1478 1511 1472 1445 1448 1500 1547 1563 1528 1483 1470 1496 1519 1546 1538 1524 1425 1313 1304 1298 1307 1331 1311 1307 1336 1421 1517 1596 1652 1672 1646 1572 1452 1408 1394 1393 1385 1314 1299 1288 1280 1247 1252 1290 1302 1361 1381 1398 1411 1411
1448 1444 1389 1386 1383 1373 1373 1373 1405 1405 1411 1415 1418 1420 1420 1421 1435 1425 1412 1397 1377 1360 1327 1307 1314 1358 1419 1462 1506 1496 1474 1483 1534 1589 1616 1601 1568 1547 1560 1563 1574 1554 1535 1427 1395 1311 1340 1328 1331 1317 1312 1348 1424 1525 1621 1706 1719 1699 1642 1563 1484 1454 1437 1421 1406 1291 1283 1277 1244 1280 1292 1307 1361 1378 1394 1405 1411
1435 1378 1373 1379 1365 1365 1367 1369 1370 1396 1403 1408 1415 1415 1415 1415 1416 1412 1420 1407 1398 1377 1348 1336 1344 1379 1426 1463 1522 1531 1536 1564 1612 1666 1701 1703 1685 1658 1632 1620 1613 1580 1548 1430 1397 1349 1345 1338 1328 1317 1321 1343 1408 1507 1616 1710 1734 1709 1663 1582 1520 1473 1429 1395 1370 1306 1303 1301 1266 1278 1294 1260 1273 1294 1388 1400 1395
1374 1371 1365 1362 1331 1330 1360 1361 1365 1389 1395 1402 1408 1410 1416 1418 1420 1419 1417 1424 1411 1406 1391 1383 1391 1414 1445 1475 1496 1574 1599 1648 1697 1747 1775 1787 1774 1742 1704 1674 1648 1599 1560 1431 1398 1360 1356 1351 1337 1316 1285 1266 1328 1486 1583 1655 1678 1668 1614 1564 1513 1452 1387 1337 1311 1307 1274 1255 1211 1217 1239 1257 1271 1289 1307 1368 1385
1340 1362 1361 1329 1328 1328 1326 1328 1329 1359 1388 1395 1400 1409 1415 1421 1424 1428 1429 1444 1438 1433 1430 1426 1440 1453 1469 1519 1556 1595 1636 1692 1742 1785 1808 1834 1828 1792 1754 1709 1672 1616 1568 1435 1374 1378 1366 1365 1356 1324 1257 1212 1284 1440 1498 1618 1600 1568 1541 1530 1488 1414 1324 1263 1242 1253 1229 1216 1201 1212 1234 1252 1270 1287 1303 1355 1367
1338 1327 1351 1323 1321 1320 1320 1322 1324 1328 1353 1383 1395 1405 1415 1423 1432 1437 1443 1461 1465 1469 1474 1475 1470 1477 1482 1495 1578 1650 1683 1719 1761 1799 1812 1913 1855 1811 1775 1736 1693 1660 1620 1531 1429 1386 1382 1380 1380 1356 1290 1253 1332 1449 1492 1569 1535 1492 1508 1504 1459 1368 1259 1191 1178 1190 1194 1204 1188 1157 1198 1219 1241 1263 1278 1289 1297
1333 1322 1314 1315 1312 1314 1313 1317 1318 1323 1318 1356 1367 1400 1413 1424 1436 1444 1446 1482 1486 1496 1504 1508 1507 1503 1502 1511 1625 1653 1681 1721 1755 1793 1820 1843 1833 1806 1776 1737 1698 1664 1622 1535 1407 1419 1403 1390 1386 1385 1364 1395 1467 1506 1501 1537 1519 1502 1524 1494 1451 1356 1241 1173 1166 1173 1177 1184 1145 1152 1169 1217 1246 1274 1293 1303 1305
