assets/server-info/layers/rain_hottest.asc
NCOLS 494
NROWS 531
XLLCORNER -117
YLLCORNER -55.8333
CELLSIZE 0.166667
NODATA_VALUE -99999
[rows 0 to 35 of 531, columns 0 to 79 of 494]
6 6 7 12 22 26 24 18 14 14 10 4 15 21 21 20 21 21 23 24 26 27 41 46 79 85 128 135 140 178 -99999 -99999 -99999 -99999 -99999 -99999 -99999 -99999 -99999 -99999 -99999 -99999 -99999 -99999 -99999 -99999 -99999 -99999 -99999 -99999 -99999 -99999 -99999 -99999 -99999 -99999 -99999 -99999 -99999 -99999 -99999 -99999 -99999 -99999 -99999 -99999 -99999 -99999 -99999 -99999 -99999 -99999 -99999 -99999 -99999 -99999 -99999 -99999 -99999 -99999
5 5 5 9 17 24 22 19 15 13 11 8 22 24 22 21 22 22 24 26 27 41 45 74 82 120 130 138 174 179 -99999 -99999 -99999 -99999 -99999 -99999 -99999 -99999 -99999 -99999 -99999 -99999 -99999 -99999 -99999 -99999 -99999 -99999 -99999 -99999 -99999 -99999 -99999 -99999 -99999 -99999 -99999 -99999 -99999 -99999 -99999 -99999 -99999 -99999 -99999 -99999 -99999 -99999 -99999 -99999 -99999 -99999 -99999 -99999 -99999 -99999 -99999 -99999 -99999 -99999
6 5 5 6 11 16 17 15 16 15 13 14 19 21 20 21 23 24 26 28 30 43 48 76 84 122 131 168 175 180 -99999 -99999 -99999 -99999 -99999 -99999 -99999 -99999 -99999 -99999 -99999 -99999 -99999 -99999 -99999 -99999 -99999 -99999 -99999 -99999 -99999 -99999 -99999 -99999 -99999 -99999 -99999 -99999 -99999 -99999 -99999 -99999 -99999 -99999 -99999 -99999 -99999 -99999 -99999 -99999 -99999 -99999 -99999 -99999 -99999 -99999 -99999 -99999 -99999 -99999
-99999 5 5 6 8 10 13 14 16 15 15 16 18 21 22 23 24 27 29 33 44 47 69 77 113 124 134 168 176 182 -99999 -99999 -99999 -99999 -99999 -99999 -99999 -99999 -99999 -99999 -99999 -99999 -99999 -99999 -99999 -99999 -99999 -99999 -99999 -99999 -99999 -99999 -99999 -99999 -99999 -99999 -99999 -99999 -99999 -99999 -99999 -99999 -99999 -99999 -99999 -99999 -99999 -99999 -99999 -99999 -99999 -99999 -99999 -99999 -99999 -99999 -99999 -99999 -99999 -99999
-99999 -99999 3 5 5 9 10 11 15 15 15 15 19 21 22 24 27 31 35 38 47 63 69 99 112 125 158 170 178 185 192 196 199 202 206 209 212 219 218 217 210 205 202 199 196 192 184 180 172 170 170 169 155 144 141 137 132 115 111 109 108 106 105 105 106 106 105 107 107 108 108 109 111 111 112 113 112 115 -99999 -99999
-99999 -99999 2 4 5 6 9 11 10 15 15 15 22 23 25 27 32 36 40 51 53 62 82 95 110 143 159 173 181 189 195 195 197 201 205 209 213 216 221 218 211 206 202 199 196 192 182 171 169 167 167 167 168 153 144 139 134 116 112 109 107 105 105 105 104 105 106 107 107 108 109 110 111 112 113 112 116 117 -99999 -99999
-99999 -99999 3 4 4 5 7 7 9 10 11 12 20 22 -99999 -99999 -99999 39 45 52 56 58 73 89 123 143 161 176 185 193 199 191 194 198 203 209 215 220 225 221 211 204 201 199 196 190 186 168 163 161 162 165 161 168 154 142 136 123 112 109 106 105 105 105 104 106 105 106 107 107 110 111 113 113 114 117 117 116 -99999 -99999
-99999 -99999 -99999 -99999 5 5 5 7 7 7 9 11 18 21 -99999 -99999 -99999 -99999 -99999 -99999 -99999 56 69 87 123 146 166 181 190 197 201 188 191 195 201 209 217 224 232 229 223 201 196 197 195 189 176 164 156 155 159 163 165 166 156 155 141 127 114 109 106 103 101 101 103 105 106 107 107 110 111 113 113 114 114 118 118 118 -99999 -99999
-99999 -99999 -99999 -99999 6 6 6 6 7 6 9 17 19 22 -99999 -99999 -99999 -99999 -99999 -99999 -99999 59 70 99 127 152 173 185 195 200 183 185 188 192 198 207 218 230 244 246 241 213 198 199 195 188 176 163 150 150 157 161 163 164 162 157 150 131 115 110 105 103 102 102 103 106 108 108 109 111 113 115 114 116 120 119 130 131 -99999 -99999
-99999 -99999 -99999 -99999 6 7 7 7 6 6 9 17 19 24 -99999 -99999 -99999 -99999 -99999 -99999 -99999 -99999 -99999 112 138 161 179 192 198 202 179 181 186 191 195 205 218 235 255 275 277 251 224 211 190 185 182 172 159 157 161 162 160 157 160 164 163 146 132 113 110 107 106 106 107 108 109 109 116 118 120 121 122 119 131 132 132 138 -99999 -99999
-99999 -99999 -99999 -99999 -99999 7 7 7 6 7 11 15 18 21 25 -99999 -99999 -99999 -99999 -99999 -99999 -99999 -99999 -99999 152 170 185 196 200 201 170 173 226 191 196 205 217 232 258 278 281 263 237 213 189 185 195 184 180 175 170 163 154 154 162 169 172 163 135 126 114 113 113 113 114 114 115 115 116 119 122 123 125 131 133 133 139 138 -99999 -99999
-99999 -99999 -99999 -99999 -99999 -99999 7 7 6 7 12 14 17 21 24 -99999 -99999 -99999 -99999 -99999 -99999 -99999 -99999 145 163 178 191 199 203 173 165 175 219 190 199 207 213 231 252 269 271 261 248 230 214 203 208 214 203 196 184 170 161 161 170 174 176 176 154 127 121 115 113 113 115 115 114 117 120 125 128 132 134 134 133 139 140 139 -99999 -99999
-99999 -99999 -99999 -99999 -99999 -99999 -99999 6 7 11 13 14 18 20 22 -99999 -99999 -99999 -99999 -99999 -99999 -99999 -99999 -99999 -99999 184 194 201 174 182 190 175 177 222 208 214 216 225 259 272 269 270 274 269 241 210 213 227 229 217 197 181 176 177 185 182 179 177 158 140 129 120 119 118 118 116 114 114 120 127 133 139 140 139 139 139 138 138 -99999 -99999
-99999 -99999 -99999 -99999 -99999 -99999 -99999 8 10 13 15 16 18 20 21 -99999 -99999 -99999 -99999 -99999 -99999 -99999 -99999 -99999 -99999 189 196 202 214 183 183 182 184 224 207 213 223 232 260 268 279 293 309 331 279 196 208 229 234 221 199 183 178 177 197 185 185 185 184 143 136 131 127 128 127 122 116 118 124 134 142 142 144 145 140 139 139 145 -99999 -99999
-99999 -99999 -99999 -99999 -99999 -99999 -99999 10 13 16 17 17 17 18 20 -99999 -99999 -99999 -99999 -99999 -99999 -99999 -99999 -99999 -99999 190 198 183 182 183 183 216 187 193 215 216 227 239 250 255 271 288 315 345 313 242 228 230 228 212 197 180 171 167 172 180 183 185 192 182 147 144 144 144 138 130 123 137 140 145 144 145 145 144 140 138 143 142 -99999 -99999
-99999 -99999 -99999 -99999 -99999 -99999 -99999 -99999 17 18 18 18 18 18 27 -99999 -99999 -99999 -99999 -99999 -99999 -99999 -99999 -99999 -99999 -99999 184 217 218 185 219 221 224 208 250 264 242 254 258 260 258 265 286 298 284 258 242 234 226 201 191 179 171 162 166 181 182 193 195 184 177 157 153 149 153 158 158 155 155 151 146 146 147 143 143 140 139 140 -99999 -99999
-99999 -99999 -99999 -99999 -99999 -99999 -99999 -99999 17 18 19 18 18 18 27 32 38 -99999 -99999 -99999 -99999 -99999 -99999 -99999 -99999 -99999 185 219 220 187 223 225 242 250 257 270 278 264 271 255 233 228 245 269 271 266 261 256 224 195 189 180 175 173 179 191 208 212 200 191 181 173 171 171 174 181 180 175 167 163 157 155 152 145 137 133 132 136 139 142
-99999 -99999 -99999 -99999 -99999 -99999 -99999 -99999 17 18 18 18 18 24 28 32 38 45 -99999 -99999 -99999 -99999 -99999 -99999 -99999 -99999 221 221 222 223 217 242 246 251 260 256 256 244 257 241 204 196 231 263 272 269 268 265 223 191 206 196 197 206 212 214 218 215 198 185 184 177 176 187 203 213 206 197 180 172 169 170 163 145 129 120 124 131 138 142
-99999 -99999 -99999 -99999 -99999 -99999 -99999 -99999 -99999 -99999 18 18 18 25 29 34 38 46 73 110 -99999 132 -99999 -99999 -99999 -99999 -99999 -99999 212 216 240 239 241 255 255 255 259 274 257 266 238 221 243 273 288 284 283 274 263 240 226 232 234 228 247 244 228 213 213 195 193 192 187 201 221 228 219 209 194 184 183 184 172 147 121 109 117 130 140 145
-99999 -99999 -99999 -99999 -99999 -99999 -99999 -99999 -99999 -99999 -99999 -99999 17 28 31 35 40 45 73 111 -99999 131 145 -99999 -99999 -99999 -99999 -99999 214 236 236 250 248 245 244 245 250 260 296 346 282 264 275 303 311 309 312 328 326 289 254 244 229 240 273 288 261 229 223 208 201 200 203 203 214 219 216 208 199 190 185 187 176 154 132 121 128 141 149 152
-99999 -99999 -99999 -99999 -99999 -99999 -99999 -99999 -99999 -99999 -99999 -99999 -99999 19 19 20 41 50 56 85 99 -99999 167 175 -99999 -99999 -99999 -99999 234 235 248 245 241 234 226 216 224 244 259 260 274 274 299 329 330 331 352 350 384 316 288 243 216 199 283 329 278 235 238 230 219 207 205 203 212 210 206 201 196 192 180 179 170 160 152 147 149 153 155 155
-99999 -99999 -99999 -99999 -99999 -99999 -99999 -99999 -99999 -99999 -99999 -99999 -99999 -99999 20 21 22 31 64 68 74 -99999 -99999 153 -99999 -99999 -99999 -99999 234 248 245 240 235 226 212 190 182 228 251 250 266 269 283 323 336 348 361 429 405 383 307 285 233 232 295 310 284 261 257 246 227 228 223 219 214 205 199 198 193 189 182 173 168 166 166 168 164 158 157 157
-99999 -99999 -99999 -99999 -99999 -99999 -99999 -99999 -99999 -99999 -99999 -99999 -99999 -99999 -99999 -99999 25 32 57 59 62 94 99 -99999 -99999 -99999 -99999 181 196 -99999 197 197 217 213 205 202 204 225 228 252 282 282 297 332 368 364 434 445 423 425 378 332 313 309 317 319 300 289 285 269 253 246 226 218 209 201 201 195 184 175 171 176 168 169 173 175 171 162 158 158
-99999 -99999 -99999 -99999 -99999 -99999 -99999 -99999 -99999 -99999 -99999 -99999 -99999 -99999 -99999 -99999 26 28 36 36 53 57 61 100 -99999 128 -99999 173 159 -99999 -99999 192 191 190 191 198 214 224 237 258 295 308 344 365 372 430 462 473 434 394 412 418 376 357 342 308 307 306 287 272 253 247 238 216 202 193 197 190 173 163 159 160 169 173 171 172 171 166 162 160
-99999 -99999 -99999 -99999 -99999 -99999 -99999 -99999 -99999 -99999 -99999 -99999 -99999 -99999 -99999 -99999 -99999 35 36 38 38 40 64 66 -99999 106 -99999 -99999 -99999 -99999 -99999 -99999 184 182 191 186 189 194 202 238 291 336 367 371 390 453 491 502 480 374 425 502 507 453 398 354 324 315 300 270 254 251 246 225 201 190 185 174 158 154 154 159 165 171 175 173 170 167 165 163
-99999 -99999 -99999 -99999 -99999 -99999 -99999 -99999 -99999 -99999 -99999 -99999 -99999 -99999 -99999 -99999 -99999 -99999 37 37 39 40 60 61 64 85 -99999 -99999 -99999 -99999 -99999 -99999 -99999 181 175 174 174 176 204 231 265 344 387 390 436 476 500 517 663 556 525 578 622 587 487 395 336 312 301 273 248 248 249 233 210 192 172 153 152 153 153 157 166 174 179 178 176 172 177 177
-99999 -99999 -99999 -99999 -99999 -99999 -99999 -99999 -99999 -99999 -99999 25 -99999 -99999 -99999 -99999 -99999 -99999 36 38 39 40 42 55 58 60 -99999 -99999 -99999 -99999 -99999 -99999 -99999 -99999 164 160 158 166 181 202 252 266 388 449 456 457 480 563 629 591 571 615 653 622 516 429 371 347 304 286 265 255 251 234 210 185 161 155 152 149 153 157 166 173 180 179 176 176 182 182
-99999 -99999 -99999 -99999 -99999 -99999 -99999 -99999 -99999 -99999 25 25 -99999 -99999 -99999 -99999 -99999 35 36 36 38 39 40 44 55 58 -99999 -99999 -99999 -99999 -99999 -99999 -99999 -99999 -99999 150 150 152 159 192 226 297 376 400 459 434 439 503 541 586 584 602 610 566 493 421 384 356 320 315 297 272 266 247 238 198 180 167 163 158 156 162 171 174 176 178 177 186 187 188
-99999 -99999 -99999 -99999 -99999 -99999 -99999 -99999 -99999 -99999 -99999 -99999 -99999 -99999 -99999 -99999 -99999 34 35 35 37 38 40 42 45 48 -99999 -99999 -99999 -99999 -99999 -99999 -99999 -99999 -99999 -99999 -99999 150 161 183 208 263 327 367 426 488 501 492 494 515 562 558 556 493 444 409 390 363 327 325 312 284 273 250 243 232 195 184 165 164 170 171 171 172 172 177 185 189 189 191
-99999 -99999 -99999 -99999 -99999 -99999 -99999 -99999 -99999 -99999 -99999 -99999 27 26 26 32 32 32 34 34 36 37 39 41 45 49 52 -99999 -99999 -99999 -99999 -99999 -99999 -99999 -99999 -99999 -99999 -99999 -99999 193 215 229 235 289 372 444 467 444 446 449 484 516 514 465 423 399 395 364 337 326 320 281 269 260 256 257 229 203 173 174 174 171 170 172 174 175 186 189 193 196
-99999 -99999 -99999 -99999 -99999 -99999 -99999 -99999 -99999 -99999 -99999 -99999 -99999 -99999 31 31 31 31 31 32 34 35 37 40 43 49 55 62 67 -99999 -99999 -99999 -99999 -99999 -99999 -99999 -99999 -99999 154 157 161 196 178 242 302 374 402 410 423 428 460 465 473 457 427 392 387 374 355 345 321 288 275 267 271 231 238 227 198 178 173 172 173 173 174 177 187 192 195 198
-99999 -99999 -99999 -99999 -99999 -99999 -99999 -99999 -99999 -99999 -99999 -99999 -99999 -99999 -99999 -99999 29 28 29 29 31 33 35 37 40 46 57 67 67 -99999 -99999 -99999 -99999 -99999 -99999 -99999 -99999 -99999 -99999 161 162 183 167 206 288 336 381 390 411 422 493 484 458 437 414 404 379 370 359 341 323 291 277 269 262 250 256 268 239 208 181 179 179 180 172 169 182 188 196 202
-99999 -99999 -99999 -99999 -99999 -99999 -99999 -99999 -99999 -99999 -99999 -99999 -99999 -99999 -99999 -99999 27 26 25 25 27 29 32 33 34 41 55 67 68 63 -99999 -99999 -99999 -99999 -99999 -99999 -99999 -99999 -99999 -99999 166 206 207 229 256 310 333 366 398 417 460 461 442 428 424 407 388 365 347 345 342 306 283 274 267 269 279 178 175 255 218 187 183 178 169 166 176 182 193 199
-99999 -99999 -99999 -99999 -99999 -99999 -99999 -99999 -99999 -99999 -99999 -99999 -99999 -99999 -99999 -99999 -99999 -99999 21 20 21 25 30 32 33 36 48 59 61 60 59 62 -99999 -99999 -99999 -99999 -99999 -99999 -99999 -99999 -99999 -99999 -99999 208 224 240 305 374 390 398 427 425 414 407 413 413 401 373 345 342 346 317 300 283 273 172 181 197 184 260 243 207 183 182 172 164 165 166 175 190
-99999 -99999 -99999 -99999 -99999 -99999 -99999 -99999 -99999 -99999 -99999 -99999 -99999 -99999 -99999 -99999 -99999 -99999 -99999 -99999 15 19 26 31 33 37 43 53 58 61 62 -99999 -99999 -99999 -99999 -99999 -99999 -99999 -99999 -99999 -99999 -99999 -99999 171 160 256 289 353 380 392 412 412 243 242 410 438 431 398 383 380 374 377 337 310 293 296 292 286 270 248 248 225 203 184 163 152 152 152 149 163
-99999 -99999 -99999 -99999 -99999 -99999 -99999 -99999 -99999 -99999 -99999 -99999 -99999 -99999 -99999 -99999 -99999 -99999 -99999 -99999 15 14 22 29 33 36 40 47 53 61 61 61 61 -99999 -99999 -99999 -99999 -99999 -99999 -99999 -99999 -99999 -99999 191 207 266 279 323 377 390 401 423 420 399 426 447 438 251 245 400 410 408 387 334 305 301 295 283 273 261 249 232 213 180 156 145 145 150 149 158
