assets/server-info/layers/rain_tot.asc
NCOLS 494
NROWS 531
XLLCORNER -117
YLLCORNER -55.8333
CELLSIZE 0.166667
NODATA_VALUE -99999
[rows 210 to 244 of 531, columns 308 to 384 of 494]
2756 2727 2695 2656 2614 2570 2525 2443 2402 2363 2329 2301 2277 2260 2248 2234 2230 2222 2218 2216 2212 2211 2206 2198 2187 2152 2140 2124 2109 2093 2074 2060 2053 2047 2047 2051 2060 2076 2089 2108 2128 2148 2171 2192 2206 2224 2239 2226 2245 2263 2276 2289 2297 2300 2297 2283 2264 2237 2228 2207 2187 2172 2161 2148 2093 1978 1995 2045 2084 2118 2155 2193 2240 2310 2373 2441 2516
2756 2727 2695 2656 2615 2574 2532 2450 2413 2376 2345 2321 2303 2288 2277 2267 2258 2254 2246 2241 2238 2231 2224 2214 2200 2161 2147 2124 2103 2082 2061 2046 2033 2027 2027 2034 2045 2061 2078 2098 2120 2144 2167 2186 2205 2223 2239 2249 2264 2276 2280 2295 2302 2307 2304 2290 2281 2257 2232 2211 2192 2183 2184 2203 2234 2136 2064 2081 2103 2130 2165 2205 2267 2331 2397 2472 2552
2752 2724 2693 2653 2614 2572 2530 2501 2468 2384 2358 2339 2323 2313 2300 2295 2287 2280 2274 2268 2261 2252 2241 2228 2211 2169 2150 2125 2099 2077 2051 2033 2021 2011 2011 2018 2032 2048 2067 2090 2115 2138 2162 2184 2205 2223 2240 2249 2264 2276 2284 2296 2301 2306 2303 2295 2281 2257 2234 2217 2200 2193 2199 2219 2245 2213 2145 2123 2131 2152 2182 2222 2288 2355 2427 2508 2597
2740 2716 2684 2648 2607 2567 2529 2501 2469 2390 2367 2351 2340 2328 2323 2315 2307 2302 2295 2288 2282 2271 2257 2243 2223 2181 2158 2129 2100 2073 2044 2021 2007 1998 1999 2007 2023 2041 2063 2098 2111 2136 2160 2184 2204 2221 2231 2248 2260 2274 2282 2290 2298 2298 2296 2286 2278 2257 2238 2220 2205 2198 2202 2211 2216 2198 2169 2153 2157 2174 2206 2244 2315 2384 2460 2547 2645
2728 2702 2673 2636 2599 2562 2523 2497 2468 2392 2374 2360 2350 2341 2334 2329 2325 2319 2313 2306 2299 2291 2277 2260 2240 2194 2167 2137 2104 2072 2042 2019 2003 1997 1997 2005 2016 2039 2061 2097 2111 2134 2159 2184 2201 2218 2231 2245 2259 2270 2279 2285 2289 2289 2286 2276 2262 2257 2238 2224 2211 2203 2202 2206 2205 2196 2183 2180 2187 2206 2238 2285 2344 2418 2500 2595 2695
2710 2685 2658 2626 2587 2551 2524 2493 2463 2393 2374 2364 2354 2347 2344 2339 2337 2335 2330 2321 2318 2306 2294 2255 2236 2214 2184 2150 2116 2081 2050 2022 2006 1997 1997 2006 2020 2042 2064 2100 2114 2139 2164 2184 2202 2218 2228 2242 2255 2263 2272 2276 2279 2280 2277 2265 2257 2255 2238 2227 2217 2220 2214 2211 2205 2202 2198 2202 2214 2234 2270 2315 2378 2457 2540 2643 2746
2693 2669 2643 2610 2574 2540 2517 2483 2410 2391 2376 2364 2356 2349 2348 2345 2342 2341 2339 2336 2331 2323 2288 2274 2256 2232 2202 2170 2130 2098 2063 2036 2015 2006 2006 2016 2031 2053 2096 2128 2158 2187 2166 2186 2203 2209 2228 2241 2251 2259 2266 2270 2271 2272 2268 2259 2249 2236 2239 2231 2240 2230 2223 2219 2214 2214 2215 2225 2238 2263 2301 2348 2412 2492 2581 2683 2794
2674 2649 2627 2595 2561 2529 2496 2446 2423 2403 2375 2363 2356 2350 2348 2346 2348 2347 2347 2346 2323 2317 2308 2297 2280 2257 2231 2193 2158 2124 2090 2060 2040 2029 2029 2039 2051 2090 2118 2145 2174 2201 2227 2252 2207 2213 2227 2240 2250 2256 2261 2265 2267 2265 2260 2254 2246 2234 2270 2261 2250 2242 2236 2233 2230 2232 2237 2251 2265 2295 2334 2384 2448 2530 2618 2726 2836
2654 2632 2608 2579 2548 2521 2464 2440 2418 2399 2384 2362 2354 2349 2348 2347 2349 2347 2350 2339 2337 2334 2331 2319 2306 2287 2263 2232 2194 2161 2125 2096 2076 2064 2061 2066 2098 2120 2144 2170 2194 2218 2244 2263 2280 2216 2230 2238 2248 2254 2259 2261 2261 2261 2255 2250 2243 2232 2280 2272 2264 2256 2253 2247 2249 2253 2261 2275 2296 2326 2367 2416 2484 2564 2652 2757 2864
2640 2616 2595 2529 2540 2483 2460 2436 2416 2397 2382 2370 2356 2349 2345 2345 2346 2342 2345 2347 2350 2349 2349 2345 2335 2318 2298 2270 2237 2203 2169 2140 2118 2104 2121 2124 2136 2155 2175 2198 2217 2238 2260 2278 2293 2220 2234 2241 2250 2256 2258 2261 2262 2259 2256 2247 2243 2236 2289 2283 2276 2272 2270 2269 2270 2277 2287 2302 2322 2356 2397 2448 2515 2594 2680 2777 2880
2623 2561 2539 2511 2487 2476 2453 2431 2414 2397 2381 2369 2356 2348 2346 2344 2343 2346 2348 2355 2360 2370 2375 2373 2370 2359 2341 2319 2288 2258 2225 2196 2173 2183 2176 2177 2184 2198 2213 2230 2250 2264 2281 2297 2309 2319 2239 2247 2254 2257 2261 2260 2262 2261 2255 2252 2247 2238 2303 2298 2294 2290 2287 2289 2293 2301 2312 2330 2352 2385 2428 2477 2543 2617 2698 2791 2888
2563 2543 2523 2501 2490 2472 2449 2430 2416 2397 2384 2371 2361 2351 2347 2343 2345 2350 2357 2368 2376 2391 2401 2407 2408 2404 2391 2373 2348 2320 2287 2257 2268 2249 2235 2234 2235 2244 2252 2267 2282 2292 2303 2317 2328 2338 2249 2255 2260 2266 2268 2269 2266 2264 2260 2257 2250 2244 2317 2314 2309 2308 2309 2310 2315 2325 2337 2356 2380 2412 2456 2503 2567 2636 2713 2797 2884
2623 2531 2510 2566 2484 2465 2450 2432 2417 2401 2386 2377 2368 2357 2354 2347 2350 2356 2365 2380 2395 2415 2429 2444 2452 2453 2444 2430 2406 2381 2349 2336 2331 2308 2293 2287 2285 2286 2293 2303 2314 2319 2329 2340 2348 2355 2360 2267 2273 2275 2276 2276 2276 2271 2268 2265 2258 2254 2334 2330 2326 2326 2327 2330 2337 2346 2360 2381 2404 2436 2479 2522 2582 2649 2716 2797 2838
2613 2593 2578 2560 2540 2463 2448 2433 2420 2408 2395 2386 2375 2370 2366 2354 2359 2367 2380 2401 2423 2446 2472 2489 2505 2508 2507 2496 2476 2451 2455 2425 2399 2372 2355 2345 2335 2333 2335 2340 2346 2348 2356 2364 2368 2375 2380 2280 2285 2289 2289 2289 2287 2284 2280 2273 2266 2260 2351 2348 2348 2346 2348 2353 2359 2371 2383 2403 2429 2460 2497 2541 2594 2657 2719 2790 2817
2603 2585 2571 2553 2534 2479 2467 2452 2426 2414 2405 2398 2391 2388 2384 2367 2375 2387 2405 2428 2457 2486 2519 2542 2563 2574 2575 2564 2575 2551 2522 2491 2464 2438 2413 2397 2387 2378 2379 2378 2380 2379 2384 2388 2395 2400 2405 2405 2304 2305 2307 2304 2303 2297 2294 2287 2281 2276 2371 2370 2367 2366 2367 2373 2380 2393 2407 2426 2449 2481 2517 2556 2606 2658 2717 2778 2790
2522 2508 2564 2548 2486 2476 2463 2455 2442 2435 2427 2420 2413 2401 2403 2408 2393 2406 2429 2459 2492 2527 2565 2595 2619 2634 2639 2653 2635 2611 2581 2547 2519 2490 2464 2444 2430 2418 2413 2413 2413 2416 2412 2416 2418 2423 2425 2426 2324 2328 2327 2324 2321 2317 2311 2302 2297 2289 2391 2388 2384 2387 2389 2392 2402 2413 2428 2445 2467 2496 2530 2567 2612 2663 2711 2768 2763
2509 2496 2480 2489 2478 2469 2461 2453 2446 2438 2435 2429 2429 2428 2398 2407 2422 2440 2468 2503 2538 2580 2623 2660 2688 2708 2719 2714 2694 2668 2637 2602 2570 2541 2512 2490 2474 2460 2451 2446 2444 2445 2440 2443 2449 2450 2453 2454 2455 2351 2351 2349 2344 2339 2332 2324 2316 2308 2412 2410 2408 2409 2407 2414 2421 2432 2445 2463 2485 2510 2541 2574 2617 2661 2706 2685 2731
2495 2482 2469 2481 2472 2466 2459 2452 2448 2444 2440 2440 2440 2445 2411 2424 2441 2463 2495 2532 2576 2621 2670 2709 2743 2763 2774 2768 2746 2719 2685 2647 2613 2578 2551 2531 2508 2493 2483 2477 2474 2476 2471 2473 2476 2476 2479 2479 2481 2481 2381 2378 2373 2364 2357 2347 2339 2327 2437 2432 2429 2429 2431 2433 2440 2451 2463 2481 2500 2524 2552 2583 2619 2658 2698 2661 2701
2481 2468 2480 2472 2465 2461 2455 2451 2445 2446 2442 2444 2446 2454 2421 2435 2455 2482 2515 2558 2601 2655 2706 2749 2786 2810 2818 2807 2784 2753 2717 2679 2645 2610 2580 2558 2538 2522 2513 2505 2502 2501 2498 2499 2502 2506 2506 2507 2509 2506 2413 2408 2399 2393 2384 2373 2361 2462 2458 2452 2448 2448 2449 2452 2460 2465 2478 2494 2511 2534 2560 2589 2619 2655 2692 2635 2672
2470 2458 2470 2463 2457 2452 2449 2446 2445 2442 2444 2444 2452 2460 2428 2448 2469 2496 2531 2573 2621 2678 2734 2784 2822 2843 2847 2836 2812 2783 2745 2704 2670 2637 2605 2583 2562 2549 2538 2530 2528 2529 2524 2526 2530 2532 2534 2537 2537 2535 2534 2444 2435 2425 2413 2404 2389 2487 2481 2476 2470 2467 2467 2469 2477 2483 2493 2508 2522 2543 2567 2592 2618 2652 2684 2610 2640
2456 2448 2461 2455 2450 2445 2443 2440 2440 2440 2440 2444 2451 2459 2430 2447 2470 2500 2538 2585 2632 2690 2749 2796 2836 2860 2861 2850 2825 2796 2757 2721 2689 2653 2623 2600 2583 2570 2556 2552 2549 2548 2555 2552 2558 2562 2565 2566 2568 2567 2564 2480 2472 2461 2446 2432 2418 2510 2503 2498 2491 2488 2488 2490 2491 2498 2505 2519 2533 2552 2573 2595 2621 2647 2605 2630 2650
2447 2455 2452 2447 2442 2438 2436 2433 2431 2433 2434 2439 2444 2453 2424 2443 2467 2495 2532 2578 2630 2687 2746 2794 2832 2855 2860 2849 2824 2793 2761 2725 2692 2661 2634 2614 2596 2584 2573 2570 2568 2568 2573 2578 2581 2587 2591 2594 2597 2596 2592 2586 2505 2493 2479 2463 2448 2534 2524 2516 2511 2506 2502 2506 2507 2511 2519 2531 2545 2561 2576 2596 2621 2644 2588 2606 2623
2431 2445 2441 2436 2432 2428 2426 2423 2424 2424 2426 2429 2433 2441 2418 2434 2456 2483 2519 2565 2613 2670 2729 2778 2815 2836 2841 2833 2813 2788 2757 2722 2695 2665 2642 2622 2607 2598 2588 2585 2584 2587 2596 2603 2608 2613 2619 2624 2625 2624 2620 2613 2546 2529 2513 2496 2476 2555 2543 2537 2528 2523 2520 2519 2521 2524 2532 2540 2551 2565 2582 2600 2619 2559 2570 2584 2593
2349 2433 2430 2425 2421 2418 2418 2414 2413 2413 2412 2416 2419 2395 2405 2420 2438 2464 2496 2539 2588 2643 2696 2743 2780 2803 2807 2808 2792 2770 2744 2717 2689 2667 2645 2629 2616 2605 2602 2598 2602 2605 2613 2622 2632 2639 2645 2648 2651 2652 2648 2642 2632 2564 2547 2525 2506 2576 2567 2556 2545 2540 2535 2533 2534 2538 2541 2549 2556 2571 2585 2598 2532 2543 2551 2560 2566
2340 2426 2420 2416 2411 2408 2404 2403 2402 2401 2401 2401 2402 2380 2389 2400 2417 2439 2470 2510 2554 2604 2657 2702 2736 2759 2770 2764 2763 2748 2727 2703 2683 2660 2643 2630 2619 2614 2611 2611 2612 2619 2631 2640 2650 2659 2667 2673 2673 2673 2672 2665 2656 2640 2624 2553 2532 2598 2584 2574 2563 2555 2549 2547 2547 2546 2551 2558 2564 2574 2589 2519 2522 2528 2533 2540 2544
2330 2329 2409 2406 2281 2287 2297 2306 2312 2319 2327 2334 2342 2348 2355 2380 2392 2410 2438 2475 2514 2561 2608 2650 2686 2707 2721 2720 2731 2721 2704 2686 2672 2654 2641 2630 2621 2617 2620 2620 2625 2632 2642 2655 2667 2679 2684 2692 2695 2695 2689 2683 2675 2661 2644 2626 2606 2612 2600 2588 2578 2567 2565 2558 2558 2558 2560 2565 2573 2580 2591 2511 2511 2514 2516 2519 2517
2159 2169 2255 2266 2273 2279 2289 2297 2303 2312 2319 2323 2330 2335 2339 2346 2368 2381 2404 2435 2472 2515 2559 2598 2632 2656 2702 2710 2710 2694 2682 2670 2656 2645 2635 2628 2621 2622 2624 2627 2635 2644 2656 2670 2681 2694 2703 2708 2713 2712 2707 2702 2691 2681 2661 2644 2624 2627 2613 2602 2591 2581 2575 2570 2566 2567 2568 2573 2577 2584 2500 2500 2499 2498 2498 2496 2494
2153 2163 2171 2255 2263 2271 2280 2288 2295 2303 2310 2317 2320 2323 2325 2331 2339 2348 2375 2404 2435 2474 2517 2553 2615 2642 2661 2672 2677 2679 2676 2652 2646 2636 2628 2624 2623 2625 2629 2634 2640 2654 2665 2681 2692 2704 2713 2722 2723 2724 2720 2713 2701 2687 2674 2657 2639 2638 2625 2612 2601 2592 2585 2579 2577 2575 2575 2577 2580 2500 2494 2491 2490 2486 2483 2478 2471
2147 2157 2166 2244 2253 2260 2270 2279 2287 2293 2302 2308 2313 2316 2319 2318 2325 2329 2344 2376 2403 2440 2473 2537 2572 2601 2619 2635 2643 2649 2651 2624 2621 2615 2614 2612 2614 2617 2630 2640 2648 2658 2675 2687 2701 2712 2722 2729 2730 2730 2729 2721 2711 2700 2683 2667 2649 2627 2635 2622 2612 2600 2593 2588 2585 2582 2582 2585 2499 2494 2488 2482 2477 2472 2466 2397 2385
2058 2073 2112 2125 2241 2251 2261 2269 2275 2287 2295 2300 2308 2312 2313 2314 2315 2321 2328 2347 2369 2412 2469 2501 2534 2563 2584 2601 2615 2623 2629 2605 2605 2604 2604 2606 2607 2614 2624 2635 2652 2663 2679 2692 2705 2717 2726 2733 2734 2734 2733 2724 2715 2704 2690 2675 2655 2636 2642 2630 2618 2608 2600 2592 2590 2586 2588 2586 2497 2489 2481 2475 2404 2395 2380 2364 2349
2052 2069 2084 2123 2137 2242 2251 2259 2269 2277 2287 2295 2303 2309 2311 2312 2312 2314 2321 2335 2355 2379 2443 2475 2508 2534 2554 2575 2591 2600 2607 2613 2591 2591 2596 2600 2605 2613 2623 2637 2649 2666 2679 2693 2707 2717 2727 2733 2734 2734 2733 2726 2717 2707 2693 2677 2661 2640 2649 2635 2625 2614 2606 2600 2595 2595 2592 2504 2494 2483 2414 2399 2383 2368 2352 2336 2319
2048 2064 2081 2100 2131 2183 2203 2249 2259 2268 2278 2289 2301 2305 2308 2310 2310 2313 2317 2329 2341 2361 2425 2454 2483 2509 2530 2549 2565 2577 2587 2598 2577 2582 2588 2594 2601 2611 2620 2633 2649 2663 2679 2694 2705 2714 2725 2729 2733 2731 2730 2725 2715 2706 2693 2678 2662 2645 2649 2640 2629 2618 2611 2607 2602 2596 2500 2445 2429 2410 2393 2376 2358 2342 2324 2307 2287
2037 2056 2075 2095 2115 2174 2193 2207 2220 2257 2269 2278 2290 2300 2307 2309 2311 2313 2317 2323 2335 2349 2413 2440 2464 2489 2509 2529 2546 2559 2571 2581 2565 2572 2579 2586 2596 2605 2617 2630 2645 2658 2671 2682 2697 2707 2717 2725 2727 2727 2722 2719 2713 2702 2695 2682 2662 2645 2653 2642 2633 2626 2615 2611 2519 2505 2449 2430 2410 2391 2371 2355 2336 2315 2296 2277 2197
2029 2049 2066 2090 2113 2167 2184 2200 2213 2224 2238 2251 2277 2289 2299 2305 2306 2310 2312 2319 2324 2340 2407 2428 2453 2474 2494 2513 2528 2543 2559 2572 2580 2561 2570 2582 2592 2603 2615 2627 2642 2648 2664 2677 2689 2701 2709 2716 2718 2718 2714 2709 2706 2698 2688 2678 2666 2652 2583 2644 2634 2627 2578 2527 2513 2459 2436 2415 2395 2374 2353 2333 2311 2289 2272 2191 2167
2018 2039 2060 2084 2108 2131 2180 2194 2207 2219 2228 2236 2248 2262 2285 2295 2299 2301 2307 2313 2321 2330 2340 2419 2440 2460 2478 2498 2515 2532 2545 2558 2570 2553 2561 2572 2584 2595 2608 2631 2644 2640 2655 2667 2678 2688 2697 2702 2706 2711 2706 2700 2699 2692 2680 2670 2658 2646 2575 2558 2506 2585 2572 2520 2468 2443 2421 2397 2374 2353 2332 2309 2291 2208 2186 2163 2139
