assets/server-info/layers/rain_tot.asc
NCOLS 494
NROWS 531
XLLCORNER -117
YLLCORNER -55.8333
CELLSIZE 0.166667
NODATA_VALUE -99999
[rows 315 to 349 of 531, columns 385 to 461 of 494]
1330 1320 1309 1303 1306 1303 1305 1307 1310 1305 1313 1332 1343 1357 1403 1413 1428 1442 1454 1471 1499 1509 1518 1520 1518 1515 1513 1575 1622 1642 1664 1694 1728 1760 1787 1802 1799 1783 1762 1728 1706 1665 1680 1560 1476 1473 1421 1409 1405 1411 1432 1466 1517 1535 1539 1547 1547 1538 1533 1470 1425 1350 1266 1205 1198 1178 1184 1174 1135 1144 1164 1198 1238 1293 1319 1329 -99999
1327 1295 1305 1298 1295 1297 1297 1290 1295 1301 1306 1325 1358 1373 1377 1415 1430 1444 1461 1478 1495 1516 1520 1522 1521 1518 1553 1574 1611 1626 1635 1648 1668 1695 1727 1748 1753 1745 1733 1709 1696 1661 1689 1542 1513 1503 1505 1455 1450 1455 1469 1479 1528 1533 1551 1567 1575 1573 1546 1485 1445 1388 1320 1268 1231 1196 1193 1169 1119 1127 1151 1194 1251 1310 1355 1361 -99999
1301 1293 1300 1295 1291 1289 1290 1291 1295 1294 1309 1318 1351 1370 1387 1390 1431 1446 1460 1478 1492 1515 1519 1521 1520 1539 1557 1575 1601 1606 1600 1596 1596 1618 1654 1682 1694 1695 1690 1682 1694 1647 1554 1557 1565 1572 1556 1596 1592 1584 1498 1570 1533 1545 1574 1572 1596 1588 1555 1499 1454 1417 1349 1294 1284 1219 1204 1177 1096 1099 1120 1171 1238 1329 1389 1393 -99999
1295 1290 1299 1293 1289 1283 1286 1286 1289 1295 1301 1313 1346 1365 1386 1401 1450 1465 1459 1475 1487 1515 1517 1521 1539 1547 1560 1574 1583 1592 1577 1559 1551 1569 1600 1630 1644 1647 1646 1642 1638 1562 1559 1569 1581 1596 1615 1623 1624 1635 1617 1533 1578 1570 1591 1610 1667 1593 1519 1469 1437 1363 1361 1333 1319 1239 1207 1170 1068 1060 1066 1114 1195 1307 1378 -99999 -99999
1293 1285 1296 1291 1284 1283 1283 1282 1285 1291 1298 1332 1343 1363 1383 1399 1453 1467 1478 1489 1480 1506 1538 1541 1546 1557 1567 1589 1588 1580 1566 1550 1545 1552 1575 1594 1602 1604 1603 1548 1481 1551 1561 1575 1589 1610 1637 1649 1650 1647 1636 1605 1546 1566 1591 1606 1594 1539 1449 1410 1413 1425 1378 1373 1344 1259 1214 1128 1070 1011 1013 1047 1115 1213 1287 -99999 -99999
1291 1284 1294 1288 1283 1282 1282 1280 1284 1288 1294 1331 1329 1345 1364 1399 1414 1469 1478 1487 1496 1501 1546 1549 1555 1564 1586 1587 1585 1577 1544 1553 1549 1553 1562 1567 1565 1564 1513 1508 1486 1477 1547 1556 1577 1608 1640 1656 1657 1665 1615 1567 1518 1535 1558 1532 1513 1463 1401 1386 1391 1391 1393 1386 1350 1269 1224 1127 993 984 973 997 1044 1112 -99999 -99999 -99999
1287 1283 1295 1290 1277 1282 1280 1281 1282 1279 1295 1293 1328 1346 1360 1376 1393 1424 1465 1492 1494 1504 1461 1461 1477 1494 1543 1538 1539 1541 1539 1558 1556 1558 1558 1553 1518 1513 1510 1505 1487 1443 1461 1528 1545 1574 1626 1722 1800 1717 1584 1511 1515 1504 1521 1519 1487 1409 1374 1352 1364 1399 1419 1408 1336 1269 1197 1097 998 973 966 980 -99999 -99999 -99999 -99999 -99999
1308 1278 1277 1277 1284 1282 1283 1283 1280 1276 1274 1308 1330 1344 1358 1374 1407 1416 1428 1468 1482 1501 1492 1489 1464 1483 1484 1540 1540 1540 1539 1522 1540 1538 1533 1526 1518 1507 1505 1499 1493 1444 1437 1476 1500 1515 1520 1671 1876 1725 1725 1436 1476 1496 1475 1497 1463 1397 1298 1273 1335 1413 1434 1442 1316 1188 1184 1084 1008 983 966 959 -99999 -99999 -99999 -99999 -99999
1307 1277 1277 1275 1287 1285 1283 1283 1282 1272 1269 1313 1292 1296 1359 1370 1406 1414 1423 1435 1437 1494 1483 1480 1446 1448 1469 1474 1541 1505 1509 1516 1540 1538 1534 1526 1512 1497 1498 1505 1497 1476 1432 1444 1445 1462 1429 1457 1634 1626 1508 1457 1480 1475 1448 1518 1526 1450 1335 1297 1333 1383 1446 1422 1292 1162 1168 1098 1011 985 938 -99999 -99999 -99999 -99999 -99999 -99999
1271 1274 1277 1276 1291 1288 1287 1286 1279 1269 1264 1248 1292 1297 1305 1311 1406 1412 1425 1425 1425 1426 1426 1468 1463 1428 1431 1488 1487 1496 1500 1508 1544 1542 1539 1531 1516 1495 1496 1513 1503 1478 1432 1417 1411 1448 1462 1488 1536 1549 1515 1506 1509 1503 1530 1642 1597 1518 1416 1321 1308 1300 1334 1290 1267 1195 1126 1088 1034 995 970 -99999 -99999 -99999 -99999 -99999 -99999
1291 1273 1274 1274 1293 1290 1289 1289 1278 1274 1262 1243 1292 1299 1308 1316 1328 1355 1355 1419 1418 1417 1425 1455 1448 1410 1410 1467 1471 1478 1488 1499 1511 1548 1548 1546 1532 1482 1522 1530 1521 1456 1443 1431 1435 1443 1440 1432 1507 1511 1507 1532 1518 1539 1573 1613 1571 1533 1463 1359 1277 1268 1272 1243 1242 1197 1045 1057 1043 1032 1010 -99999 -99999 -99999 -99999 -99999 -99999
1288 1271 1273 1296 1295 1292 1291 1287 1277 1275 1255 1236 1291 1300 1315 1325 1331 1358 1358 1361 1361 1410 1359 1408 1435 1376 1399 1403 1436 1457 1469 1483 1500 1520 1538 1564 1592 1677 1602 1562 1538 1499 1478 1457 1468 1455 1455 1443 1442 1435 1491 1506 1542 1531 1546 1567 1549 1534 1471 1427 1360 1317 1324 1340 1290 1210 1082 1085 1075 1070 1028 -99999 -99999 -99999 -99999 -99999 -99999
1287 1277 1276 1298 1297 1294 1289 1287 1272 1269 1251 1228 1289 1305 1318 1329 1338 1363 1365 1364 1361 1360 1360 1352 1341 1393 1380 1383 1377 1409 1420 1437 1461 1508 1536 1571 1603 1638 1606 1567 1553 1518 1473 1467 1483 1488 1450 1422 1509 1607 1504 1503 1466 1497 1521 1530 1531 1518 1467 1443 1351 1274 1464 1478 1438 1370 1218 1126 1084 1052 1038 -99999 -99999 -99999 -99999 -99999 -99999
1297 1306 1289 1294 1300 1295 1289 1282 1276 1247 1229 1224 1285 1304 1321 1334 1347 1369 1371 1368 1366 1350 1361 1351 1343 1355 1382 1356 1356 1359 1389 1404 1435 1465 1502 1556 1569 1569 1552 1544 1545 1530 1481 1468 1473 1473 1497 1493 1598 1661 1660 1508 1416 1470 1530 1542 1554 1628 1561 1521 1477 1516 1759 1701 1487 1405 1250 1162 -99999 -99999 -99999 -99999 -99999 -99999 -99999 -99999 -99999
1295 1302 1309 1305 1334 1326 1318 1295 1264 1239 1226 1222 1281 1306 1324 1340 1404 1413 1380 1377 1428 1353 1362 1349 1329 1350 1334 1338 1333 1327 1345 1357 1386 1423 1463 1499 1540 1539 1527 1531 1535 1530 1485 1468 1589 1589 1600 1700 1737 1694 1632 1491 1380 1469 1583 1519 1883 2044 1957 1642 1567 1542 1682 1687 1486 1276 1201 1169 -99999 -99999 -99999 -99999 -99999 -99999 -99999 -99999 -99999
1289 1299 1308 1308 1335 1328 1314 1281 1247 1267 1267 1221 1276 1298 1325 1369 1411 1423 1393 1385 1430 1352 1341 1337 1328 1345 1331 1298 1315 1299 1291 1306 1341 1382 1424 1459 1493 1515 1528 1529 1537 1530 1620 1626 1641 1673 1765 1905 1874 1679 1548 1461 1309 1355 1323 1384 2143 2206 1947 1664 1657 1594 1587 1508 1358 1207 -99999 -99999 -99999 -99999 -99999 -99999 -99999 -99999 -99999 -99999 -99999
1283 1299 1306 1306 1329 1333 1319 1263 1219 1242 1254 1243 1269 1293 1336 1372 1422 1441 1443 1449 1366 1348 1333 1333 1323 1313 1277 1270 1299 1276 1255 1254 1297 1355 1387 1412 1444 1493 1506 1511 1513 1640 1638 1670 1681 1741 1800 1848 1771 1590 1490 1457 1317 1346 1422 2006 2294 2390 1780 1586 1598 1565 1453 1317 1201 -99999 -99999 -99999 -99999 -99999 -99999 -99999 -99999 -99999 -99999 -99999 -99999
1280 1294 1302 1311 1311 1348 1348 1261 1179 1211 1260 1254 1218 1298 1322 1371 1461 1482 1463 1454 1360 1339 1361 1324 1319 1311 1281 1273 1277 1258 1239 1239 1286 1356 1380 1382 1389 1404 1459 1469 1469 1588 1654 1688 1724 1749 1765 1749 1691 1700 1642 1638 1487 1443 1543 1887 1925 1227 -99999 1293 1326 1333 1297 1098 921 952 -99999 -99999 -99999 -99999 -99999 -99999 -99999 -99999 -99999 -99999 -99999
1275 1295 1330 1298 1299 1382 1406 1332 1259 1281 1306 1296 1222 1261 1275 1322 1567 1552 1467 1455 1408 1369 1339 1327 1315 1310 1284 1277 1284 1272 1260 1266 1316 1367 1390 1383 1381 1383 1475 1494 1517 1533 1630 1723 1727 1735 1730 1863 1878 1854 2070 2050 1539 -99999 1420 1513 1285 1265 1193 1171 1199 1195 1139 960 826 -99999 -99999 -99999 -99999 -99999 -99999 -99999 -99999 -99999 -99999 -99999 -99999
1288 1295 1346 1353 1370 1404 1420 1396 1425 1403 1353 1312 1271 1202 1206 1175 1483 1398 1420 1405 1384 1353 1324 1312 1304 1289 1279 1284 1293 1289 1287 1298 1336 1362 1374 1372 1367 1442 1464 1493 1523 1547 1718 1629 1871 1876 1885 1908 1962 -99999 -99999 -99999 -99999 1481 -99999 -99999 -99999 -99999 -99999 -99999 -99999 -99999 -99999 -99999 -99999 -99999 -99999 -99999 -99999 -99999 -99999 -99999 -99999 -99999 -99999 -99999 -99999
1300 1300 1352 1399 1408 1385 1460 1478 1496 1502 1377 1301 1318 1247 1247 1288 1386 1385 1391 1345 1271 1281 1299 1309 1308 1278 1272 1269 1304 1304 1306 1316 1388 1400 1406 1406 1398 1412 1444 1491 1541 1575 1714 1743 2023 1892 1909 1941 1877 1916 -99999 -99999 -99999 -99999 -99999 -99999 -99999 -99999 -99999 -99999 -99999 -99999 -99999 -99999 -99999 -99999 -99999 -99999 -99999 -99999 -99999 -99999 -99999 -99999 -99999 -99999 -99999
1332 1328 1378 1424 1528 1599 1506 1485 1501 1571 1525 1373 1361 1373 1350 1358 1459 1529 1323 1209 1214 1243 1270 1287 1291 1258 1266 1276 1312 1315 1317 1404 1414 1421 1420 1400 1378 1363 1425 1514 1587 1622 1731 1879 1955 2000 1922 -99999 -99999 -99999 -99999 -99999 -99999 -99999 -99999 -99999 -99999 -99999 -99999 -99999 -99999 -99999 -99999 -99999 -99999 -99999 -99999 -99999 -99999 -99999 -99999 -99999 -99999 -99999 -99999 -99999 -99999
1383 1379 1400 1445 1516 1534 1505 1487 1494 1503 1481 1424 1406 1365 1382 1385 1416 1408 1200 1107 1180 1221 1248 1266 1248 1243 1242 1272 1400 1407 1410 1403 1442 1447 1440 1409 1370 1361 1477 1625 1699 1709 1700 1881 1937 -99999 -99999 -99999 -99999 -99999 -99999 -99999 -99999 -99999 -99999 -99999 -99999 -99999 -99999 -99999 -99999 -99999 -99999 -99999 -99999 -99999 -99999 -99999 -99999 -99999 -99999 -99999 -99999 -99999 -99999 -99999 -99999
1397 1390 1407 1477 1498 1503 1510 1503 1523 1477 1453 1412 1411 1375 1371 1354 1288 1248 1197 1187 1197 1186 1211 1225 1223 1260 1358 1404 1433 1453 1455 1445 1569 1548 1518 1492 1476 1549 1823 1945 1891 -99999 -99999 1897 1930 1845 -99999 -99999 -99999 -99999 -99999 -99999 -99999 -99999 -99999 -99999 -99999 -99999 -99999 -99999 -99999 -99999 -99999 -99999 -99999 -99999 -99999 -99999 -99999 -99999 -99999 -99999 -99999 -99999 -99999 -99999 -99999
1390 1403 1476 1492 1492 1496 1536 1559 1557 1549 1494 1434 1423 1381 1363 1341 1284 1226 1224 1217 1212 1212 1216 1250 1255 1275 1374 1391 1464 1505 1516 1641 1621 1603 1590 1594 1649 1852 2178 2194 -99999 -99999 -99999 -99999 1840 1847 -99999 -99999 -99999 -99999 -99999 -99999 -99999 -99999 -99999 -99999 -99999 -99999 -99999 -99999 -99999 -99999 -99999 -99999 -99999 -99999 -99999 -99999 -99999 -99999 -99999 -99999 -99999 -99999 -99999 -99999 -99999
1430 1504 1489 1471 1501 1533 1575 1603 1585 1555 1528 1457 1437 1396 1364 1315 1278 1274 1281 1284 1260 1246 1210 1202 1219 1254 1359 1401 1462 1564 1587 1706 1689 1673 1665 1689 1763 -99999 -99999 -99999 -99999 -99999 -99999 -99999 -99999 -99999 -99999 -99999 -99999 -99999 -99999 -99999 -99999 -99999 -99999 -99999 -99999 -99999 -99999 -99999 -99999 -99999 -99999 -99999 -99999 -99999 -99999 -99999 -99999 -99999 -99999 -99999 -99999 -99999 -99999 -99999 -99999
1501 1672 1608 1452 1411 1503 1613 1655 1584 1571 1546 1502 1477 1410 1357 1340 1308 1336 1358 1339 1275 1227 1236 1236 1238 1317 1463 1521 1592 1665 1663 1763 1758 1743 1731 1744 -99999 -99999 -99999 -99999 -99999 -99999 -99999 -99999 -99999 -99999 -99999 -99999 -99999 -99999 -99999 -99999 -99999 -99999 -99999 -99999 -99999 -99999 -99999 -99999 -99999 -99999 -99999 -99999 -99999 -99999 -99999 -99999 -99999 -99999 -99999 -99999 -99999 -99999 -99999 -99999 -99999
1624 1626 1537 1326 1367 1441 1487 1504 1579 1562 1540 1517 1509 1391 1312 1336 1346 1351 1334 1316 1257 1222 1260 1269 1316 1395 1456 1524 1612 1780 1828 1825 1818 1796 1775 -99999 -99999 -99999 -99999 -99999 -99999 -99999 -99999 -99999 -99999 -99999 -99999 -99999 -99999 -99999 -99999 -99999 -99999 -99999 -99999 -99999 -99999 -99999 -99999 -99999 -99999 -99999 -99999 -99999 -99999 -99999 -99999 -99999 -99999 -99999 -99999 -99999 -99999 -99999 -99999 -99999 -99999
1608 1689 1627 1779 1539 1531 1529 1497 1555 1550 1539 1502 1474 1365 1303 1342 1403 1383 1385 1324 1237 1187 1250 1288 1334 1398 1454 1525 1718 1801 1859 1886 1868 -99999 -99999 -99999 -99999 -99999 -99999 -99999 -99999 -99999 -99999 -99999 -99999 -99999 -99999 -99999 -99999 -99999 -99999 -99999 -99999 -99999 -99999 -99999 -99999 -99999 -99999 -99999 -99999 -99999 -99999 -99999 -99999 -99999 -99999 -99999 -99999 -99999 -99999 -99999 -99999 -99999 -99999 -99999 -99999
1675 1694 1673 1659 1636 1685 1757 1643 1580 1549 1537 1507 1453 1403 1375 1407 1447 1455 1427 1335 1149 1004 1224 1291 1365 1405 1458 1623 1718 1807 1869 1892 -99999 -99999 -99999 -99999 -99999 -99999 -99999 -99999 -99999 -99999 -99999 -99999 -99999 -99999 -99999 -99999 -99999 -99999 -99999 -99999 -99999 -99999 -99999 -99999 -99999 -99999 -99999 -99999 -99999 -99999 -99999 -99999 -99999 -99999 -99999 -99999 -99999 -99999 -99999 -99999 -99999 -99999 -99999 -99999 -99999
1727 1722 1683 1677 1662 1675 1692 1652 1578 1548 1546 1494 1467 1417 1398 1416 1451 1476 1495 1495 1283 1076 1230 1384 1397 1365 1471 1638 1728 1798 -99999 -99999 -99999 -99999 -99999 -99999 -99999 -99999 -99999 -99999 -99999 -99999 -99999 -99999 -99999 -99999 -99999 -99999 -99999 -99999 -99999 -99999 -99999 -99999 -99999 -99999 -99999 -99999 -99999 -99999 -99999 -99999 -99999 -99999 -99999 -99999 -99999 -99999 -99999 -99999 -99999 -99999 -99999 -99999 -99999 -99999 -99999
1791 1752 1743 1723 1721 1719 1677 1656 1617 1573 1511 1484 1455 1434 1435 1406 1413 1516 1616 1748 1716 1503 1485 1641 1652 1544 1663 1792 1843 1869 -99999 -99999 -99999 -99999 -99999 -99999 -99999 -99999 -99999 -99999 -99999 -99999 -99999 -99999 -99999 -99999 -99999 -99999 -99999 -99999 -99999 -99999 -99999 -99999 -99999 -99999 -99999 -99999 -99999 -99999 -99999 -99999 -99999 -99999 -99999 -99999 -99999 -99999 -99999 -99999 -99999 -99999 -99999 -99999 -99999 -99999 -99999
1799 1774 1776 1761 1731 1720 1709 1676 1646 1581 1498 1463 1469 1459 1447 1430 1468 1541 1553 1693 1722 1573 1779 2022 2175 2015 1903 1909 1902 -99999 -99999 -99999 -99999 -99999 -99999 -99999 -99999 -99999 -99999 -99999 -99999 -99999 -99999 -99999 -99999 -99999 -99999 -99999 -99999 -99999 -99999 -99999 -99999 -99999 -99999 -99999 -99999 -99999 -99999 -99999 -99999 -99999 -99999 -99999 -99999 -99999 -99999 -99999 -99999 -99999 -99999 -99999 -99999 -99999 -99999 -99999 -99999
1807 1807 1803 1778 1737 1721 1708 1672 1669 1628 1563 1508 1469 1453 1465 1458 1495 1534 1434 1491 1438 1365 1863 2068 2187 2037 -99999 -99999 -99999 -99999 -99999 -99999 -99999 -99999 -99999 -99999 -99999 -99999 -99999 -99999 -99999 -99999 -99999 -99999 -99999 -99999 -99999 -99999 -99999 -99999 -99999 -99999 -99999 -99999 -99999 -99999 -99999 -99999 -99999 -99999 -99999 -99999 -99999 -99999 -99999 -99999 -99999 -99999 -99999 -99999 -99999 -99999 -99999 -99999 -99999 -99999 -99999
1824 1821 1796 1783 1733 1726 1713 1687 1675 1681 1652 1547 1488 1474 1483 1468 1430 1381 1279 1382 1338 1425 1800 2004 2005 1993 1988 -99999 -99999 -99999 -99999 -99999 -99999 -99999 -99999 -99999 -99999 -99999 -99999 -99999 -99999 -99999 -99999 -99999 -99999 -99999 -99999 -99999 -99999 -99999 -99999 -99999 -99999 -99999 -99999 -99999 -99999 -99999 -99999 -99999 -99999 -99999 -99999 -99999 -99999 -99999 -99999 -99999 -99999 -99999 -99999 -99999 -99999 -99999 -99999 -99999 -99999
