assets/server-info/layers/rain_coolest.asc
NCOLS 494
NROWS 531
XLLCORNER -117
YLLCORNER -55.8333
CELLSIZE 0.166667
NODATA_VALUE -99999
[rows 259 to 295 of 531, columns 249 to 331 of 494]
92 252 323 307 305 298 292 286 281 277 274 271 269 266 266 264 263 254 249 249 143 235 245 237 253 242 229 136 136 136 134 134 134 135 135 133 130 125 116 108 105 105 108 103 104 104 104 102 143 138 132 127 123 120 116 115 111 103 92 79 29 29 31 81 84 89 94 98 100 104 106 109 110 110 111 124 126 126 127 127 130 130 131
178 259 302 288 281 281 278 276 274 272 270 268 266 265 263 262 229 225 217 144 239 239 237 244 236 249 235 220 205 135 135 134 135 135 136 136 133 125 111 100 94 97 102 107 102 103 103 101 140 135 131 127 122 118 118 118 117 111 95 76 27 27 30 78 83 88 93 97 99 102 104 106 107 108 109 109 121 124 124 125 126 126 126
173 210 237 247 248 249 248 245 243 240 240 237 234 234 231 227 224 204 162 137 241 242 242 240 245 259 242 226 211 194 178 135 135 136 137 138 134 126 107 92 86 91 98 106 100 102 101 99 139 134 129 125 122 119 119 120 121 117 101 79 27 27 30 80 83 88 92 96 97 101 102 103 105 105 107 107 108 119 120 123 124 124 125
235 241 194 213 223 228 230 231 231 233 230 230 229 227 224 221 202 160 90 60 244 246 248 246 245 272 255 237 219 201 183 168 155 144 135 136 133 125 108 90 86 91 98 106 106 109 110 107 130 126 123 122 118 119 118 120 121 119 105 87 78 32 78 82 86 90 92 95 97 100 101 102 103 104 104 105 105 105 107 119 120 121 123
157 230 160 159 157 155 205 207 221 222 222 223 210 207 204 195 158 87 185 215 247 250 253 255 253 250 272 251 232 212 192 173 158 146 136 131 131 126 115 101 94 97 103 106 108 112 110 109 130 127 127 123 119 116 117 118 119 115 106 95 87 84 85 85 88 91 94 95 97 99 100 100 102 102 103 103 104 104 104 105 117 118 99
106 122 127 133 135 138 139 188 193 196 198 198 197 194 188 152 70 77 181 193 222 253 258 262 264 263 338 272 250 227 204 184 165 149 137 130 134 138 122 112 108 108 111 111 114 115 114 111 136 132 128 124 114 115 115 115 115 111 105 98 93 90 89 90 91 93 93 95 98 98 99 100 101 101 102 102 102 103 103 104 104 98 98
50 68 86 97 105 118 123 127 118 117 116 114 182 110 103 68 62 160 174 188 220 233 264 272 277 279 304 298 276 251 225 203 179 162 148 142 145 148 148 145 122 120 118 118 119 119 118 116 139 135 131 126 115 115 114 114 110 109 105 100 97 95 94 46 95 96 96 96 96 97 97 99 100 100 100 101 101 102 102 102 103 97 97
23 41 58 74 85 96 101 104 105 105 105 105 103 99 18 17 142 153 167 181 214 230 248 281 292 298 302 321 313 285 256 230 204 185 171 164 164 166 168 167 165 164 129 128 126 125 123 119 142 137 132 128 115 114 114 113 109 107 104 102 100 99 99 98 98 99 98 98 98 98 97 97 97 97 99 100 100 101 104 104 96 96 96
27 30 36 42 47 48 49 49 48 47 47 47 45 18 17 17 133 145 160 174 194 227 247 270 305 319 329 422 343 327 296 266 238 215 199 192 190 190 188 187 184 183 140 137 134 131 167 165 145 140 133 130 116 115 114 110 108 107 106 104 103 102 101 101 52 52 100 99 98 98 98 97 97 97 98 98 101 101 102 103 111 95 95
30 30 33 38 41 43 43 43 43 43 20 20 18 18 17 17 123 135 148 165 185 219 243 273 305 344 363 405 394 441 350 315 281 252 234 221 215 247 244 208 205 202 163 147 140 136 171 169 180 141 137 133 115 116 115 110 109 108 108 106 105 56 55 55 55 55 54 100 100 99 98 97 97 97 96 106 106 106 107 109 112 101 94
31 32 34 34 37 38 38 38 39 20 20 20 18 17 15 14 114 123 137 153 173 199 236 272 315 376 410 434 537 516 480 376 330 342 307 279 262 254 252 252 219 252 174 170 167 143 191 189 188 183 177 66 141 137 135 111 110 110 110 108 58 57 58 57 57 56 55 101 100 98 97 97 103 103 105 105 106 106 108 109 109 101 101
23 23 23 22 33 32 34 34 20 20 20 19 16 15 15 14 102 112 124 139 157 185 225 269 321 378 448 487 507 607 483 511 385 383 331 288 261 250 250 254 259 262 184 178 175 175 198 196 192 188 184 151 147 143 88 113 112 113 62 62 60 60 60 58 58 57 56 101 98 102 101 102 102 102 104 105 105 107 108 109 109 108 108
18 19 19 19 18 29 30 19 19 20 20 19 16 15 15 14 90 98 109 121 139 165 199 257 331 407 495 556 592 597 660 520 520 374 357 297 259 245 246 255 263 225 189 185 179 177 175 204 200 196 192 136 103 98 93 115 66 67 65 64 63 61 60 60 59 57 59 60 101 99 99 99 100 102 103 105 105 107 108 109 116 108 108
15 15 16 16 18 19 19 20 20 20 19 19 16 15 14 14 77 84 93 102 116 139 173 229 312 425 541 642 696 707 671 606 605 423 398 319 271 254 253 262 267 223 190 214 182 181 211 176 167 204 150 188 160 104 99 95 70 69 69 67 65 63 60 61 61 60 59 101 96 95 95 96 98 100 103 104 106 107 113 116 116 108 108
14 14 14 14 17 18 20 20 20 20 19 17 16 15 14 61 65 70 77 82 92 108 140 199 296 424 593 727 805 822 775 692 678 557 386 359 303 276 270 273 288 222 218 215 216 185 181 179 211 207 202 146 133 126 119 114 86 84 83 80 79 72 66 62 60 61 60 98 93 89 91 93 96 99 102 103 110 113 113 116 114 114 110
13 14 14 14 16 19 20 22 21 20 20 17 16 16 15 49 52 57 61 62 65 74 99 157 263 420 628 817 1070 1081 860 760 644 524 497 402 341 321 306 302 303 305 218 217 218 185 219 184 218 213 168 147 139 129 122 114 108 95 93 89 82 75 66 59 59 60 102 88 82 85 89 95 101 105 110 114 110 113 113 114 114 116 101
11 13 13 14 16 19 19 21 20 20 18 17 16 15 15 36 39 45 48 44 40 41 58 109 217 390 632 1002 1135 1141 897 787 664 556 539 385 379 361 335 322 316 310 307 219 221 190 225 226 232 227 222 158 148 144 134 125 109 99 96 94 88 81 71 64 62 60 92 76 72 77 85 94 101 105 111 108 110 113 112 114 115 116 101
10 12 12 13 15 19 19 19 19 20 17 17 16 15 15 15 15 36 40 33 23 20 29 71 174 340 576 805 1078 1092 862 762 651 553 467 402 415 373 344 334 321 311 296 292 216 228 231 232 237 235 228 163 153 147 135 125 117 101 99 98 95 88 79 72 68 63 89 75 71 77 85 94 101 108 112 109 112 111 113 114 116 116 102
9 10 12 12 14 15 17 19 19 17 17 17 15 15 15 16 15 15 36 29 17 12 15 55 144 283 475 660 778 803 759 684 602 521 448 384 359 324 343 320 305 291 283 209 217 232 238 241 241 243 188 171 159 151 138 127 117 102 101 101 100 95 88 81 76 111 97 85 81 84 91 99 105 110 109 111 110 113 115 115 116 101 103
9 10 11 12 13 15 16 17 17 17 16 16 15 15 15 15 15 15 37 34 26 24 31 65 137 239 371 499 586 621 617 577 519 462 405 354 315 309 328 305 286 272 198 207 220 233 249 254 215 245 236 223 166 156 141 130 119 110 102 101 101 100 97 92 130 121 109 101 96 97 101 106 111 115 111 114 113 115 115 117 117 103 104
9 9 11 11 12 12 15 15 16 16 16 16 15 15 15 15 15 15 43 42 39 41 53 83 137 206 290 368 423 452 455 436 424 391 353 316 283 288 261 279 261 181 190 204 222 242 258 269 266 258 246 231 178 162 146 134 124 113 103 102 103 104 105 102 140 134 125 118 112 111 112 114 117 120 114 113 115 116 117 117 116 116 116
9 11 8 9 11 11 13 15 15 15 15 15 15 15 15 15 15 14 13 13 12 12 12 98 134 174 218 255 278 298 303 303 304 314 294 271 247 224 150 152 156 169 179 196 224 253 275 283 241 274 215 199 184 174 152 141 132 123 112 111 111 113 115 157 156 150 143 136 129 126 123 123 126 117 116 118 118 118 120 116 116 116 116
8 9 8 8 8 10 11 12 13 14 14 14 14 14 14 14 14 13 13 12 12 12 12 101 121 140 154 159 162 169 183 195 203 214 210 198 224 106 117 142 150 154 155 176 213 258 291 305 301 285 223 244 189 178 164 150 141 136 134 124 125 126 128 172 171 168 161 153 145 139 136 133 133 121 120 120 120 120 118 117 116 116 116
8 8 13 14 8 8 10 11 11 13 14 14 14 14 14 14 14 12 12 12 12 12 11 10 9 8 101 88 79 85 104 122 138 160 164 161 60 70 114 123 132 133 140 160 202 258 254 315 305 287 224 205 189 180 168 160 151 148 148 140 140 138 184 187 187 183 174 166 158 150 145 142 137 124 123 122 122 118 118 118 118 117 116
7 7 11 12 12 7 8 9 10 13 13 13 14 14 14 14 12 12 12 12 11 11 10 10 9 8 6 6 6 6 54 76 92 18 23 31 57 69 111 119 126 126 126 142 181 237 239 300 247 277 258 202 187 181 171 164 160 157 159 156 152 149 193 197 198 194 185 177 167 160 153 146 131 128 126 125 121 119 119 118 118 113 113
4 4 8 9 9 11 7 8 11 11 12 12 13 14 13 12 12 11 11 11 12 10 10 9 9 8 6 6 7 6 6 6 7 17 20 44 54 68 81 114 123 124 124 134 163 204 240 260 257 253 206 195 184 179 170 165 163 163 165 167 161 154 196 201 203 197 190 182 173 165 157 150 144 130 127 129 121 120 119 118 114 113 113
4 4 5 6 7 10 13 15 8 11 12 12 12 12 12 11 11 11 12 11 11 11 11 11 9 8 7 6 6 6 6 7 7 15 18 26 50 79 91 98 122 123 125 133 151 177 199 215 218 214 217 183 177 170 170 166 165 165 167 169 165 163 154 199 199 197 190 184 176 168 159 152 146 140 133 130 121 121 119 115 115 122 121
-99999 3 3 4 5 9 10 13 8 8 10 12 9 9 11 11 11 11 9 8 11 11 11 11 9 8 8 7 6 6 7 8 8 8 9 36 66 75 83 88 100 112 118 126 138 152 168 177 182 181 179 186 162 160 169 166 166 166 169 168 166 164 205 204 203 203 203 203 176 195 159 152 146 134 132 130 131 130 123 123 122 121 121
-99999 -99999 3 3 4 7 9 13 8 7 8 8 7 7 7 7 7 9 8 8 10 11 11 11 9 8 7 7 7 7 8 8 8 11 13 44 64 73 78 77 86 87 91 112 124 136 145 152 154 156 155 150 150 151 154 165 165 169 169 166 167 167 165 211 209 209 208 207 204 200 157 150 149 144 141 137 135 124 123 122 122 121 120
-99999 -99999 -99999 3 4 5 9 9 6 7 6 6 6 6 6 6 6 6 7 8 8 10 10 9 9 7 6 7 7 7 8 9 19 10 13 44 55 61 75 68 71 72 79 76 89 107 134 134 138 132 133 151 141 143 146 137 171 173 168 169 170 170 171 217 228 229 229 229 228 224 178 165 146 141 138 134 125 124 122 123 122 120 120
-99999 -99999 -99999 -99999 -99999 4 8 10 8 4 6 6 3 3 6 6 6 6 6 6 7 8 8 6 6 7 7 6 7 7 8 9 18 10 12 18 62 71 68 64 53 56 67 68 79 112 126 126 115 123 119 128 131 135 139 154 175 171 165 167 169 171 180 177 193 194 241 238 235 186 169 162 142 138 136 133 131 122 122 122 122 120 118
-99999 -99999 -99999 -99999 -99999 -99999 6 6 8 4 3 3 3 3 5 6 6 6 6 6 6 5 5 6 6 7 8 7 6 7 7 7 8 8 11 19 74 86 82 61 46 46 57 54 74 107 129 130 113 99 91 87 99 102 105 108 150 159 165 169 174 178 181 182 200 259 205 249 242 223 181 160 148 139 135 133 130 122 121 122 121 120 118
-99999 -99999 -99999 -99999 -99999 -99999 -99999 -99999 -99999 3 3 3 3 3 4 4 3 3 3 3 3 3 3 4 4 6 7 7 7 6 7 9 8 8 13 23 33 41 110 76 49 45 34 48 61 92 107 109 97 91 87 84 91 87 99 100 147 134 144 175 183 189 193 196 215 213 216 210 240 226 182 169 150 139 133 131 127 122 121 121 121 120 119
-99999 -99999 -99999 -99999 -99999 -99999 -99999 -99999 -99999 -99999 3 3 3 3 3 3 3 3 3 2 2 1 1 2 3 4 5 7 7 6 6 10 10 11 18 28 39 50 59 39 19 18 17 18 36 67 78 86 85 84 83 86 87 85 82 118 129 128 142 159 177 206 213 210 231 226 234 262 246 190 178 172 165 140 134 127 122 119 121 120 120 120 119
-99999 -99999 -99999 -99999 -99999 -99999 -99999 -99999 -99999 -99999 -99999 -99999 3 3 3 3 3 3 3 2 1 0 0 0 1 2 3 4 6 6 6 12 12 17 22 30 38 48 57 40 25 16 16 17 23 40 71 83 83 80 80 84 84 82 61 42 95 98 119 146 173 195 207 223 215 274 240 219 204 191 182 176 168 142 135 126 117 117 119 121 121 120 119
-99999 -99999 -99999 -99999 -99999 -99999 -99999 -99999 -99999 -99999 -99999 -99999 -99999 -99999 3 3 3 3 3 2 1 0 0 0 1 1 2 3 4 6 6 14 17 20 24 28 32 34 31 24 23 15 16 17 20 27 59 82 75 78 82 83 81 64 44 33 87 90 116 154 195 227 240 228 230 211 225 282 218 193 188 181 172 160 140 129 118 117 119 123 121 120 119
-99999 -99999 -99999 -99999 -99999 -99999 -99999 -99999 -99999 -99999 -99999 -99999 -99999 -99999 -99999 -99999 3 3 3 3 1 0 0 0 0 0 2 2 4 4 5 14 16 20 21 25 26 23 16 19 19 14 13 13 20 24 51 70 73 71 72 71 66 61 34 33 30 78 106 155 219 345 363 332 305 220 215 215 216 183 211 205 178 168 147 139 126 123 124 126 121 121 119
