assets/server-info/layers/rain_coolest.asc
NCOLS 494
NROWS 531
XLLCORNER -117
YLLCORNER -55.8333
CELLSIZE 0.166667
NODATA_VALUE -99999
[rows 444 to 480 of 531, columns 249 to 331 of 494]
-99999 -99999 -99999 -99999 -99999 -99999 -99999 -99999 -99999 -99999 809 771 736 692 668 663 663 653 567 527 494 472 457 443 429 416 410 398 401 391 381 367 343 311 271 221 168 121 82 58 50 52 64 59 51 40 40 40 40 40 40 42 43 44 44 45 46 46 49 49 50 52 52 -99999 -99999 -99999 -99999 -99999 -99999 -99999 -99999 -99999 -99999 -99999 -99999 -99999 -99999 -99999 -99999 -99999 -99999 -99999 -99999
-99999 -99999 -99999 -99999 -99999 -99999 -99999 -99999 -99999 -99999 -99999 -99999 753 710 676 -99999 -99999 653 586 524 490 467 454 444 438 432 409 407 405 405 380 365 342 313 277 233 186 147 112 88 78 72 79 87 75 39 40 39 40 40 41 42 43 43 44 44 44 47 47 48 48 48 48 -99999 -99999 -99999 -99999 -99999 -99999 -99999 -99999 -99999 -99999 -99999 -99999 -99999 -99999 -99999 -99999 -99999 -99999 -99999 -99999
-99999 -99999 -99999 -99999 -99999 -99999 -99999 -99999 -99999 855 -99999 806 777 738 -99999 -99999 -99999 650 619 510 479 456 444 437 425 421 413 408 404 402 399 365 344 281 254 222 189 160 134 115 105 102 104 110 69 39 40 39 40 40 41 41 42 43 42 42 43 45 46 46 46 46 46 -99999 -99999 -99999 -99999 -99999 -99999 -99999 -99999 -99999 -99999 -99999 -99999 -99999 -99999 -99999 -99999 -99999 -99999 -99999 -99999
-99999 -99999 -99999 -99999 -99999 -99999 -99999 -99999 -99999 803 790 797 -99999 -99999 -99999 -99999 672 644 610 522 452 437 432 432 430 422 413 405 400 395 346 324 305 235 216 194 172 154 136 123 114 109 109 111 76 39 39 39 40 41 41 42 42 41 42 43 43 44 44 44 44 44 44 -99999 -99999 -99999 -99999 -99999 -99999 -99999 -99999 -99999 -99999 -99999 -99999 -99999 -99999 -99999 -99999 -99999 -99999 -99999 -99999
-99999 -99999 -99999 -99999 -99999 -99999 -99999 -99999 -99999 796 794 787 -99999 -99999 -99999 -99999 -99999 618 578 537 442 414 419 420 415 397 375 356 343 335 329 266 252 238 223 206 190 174 159 148 140 134 132 97 68 68 57 57 55 42 42 41 41 41 42 42 41 41 42 41 41 42 42 -99999 -99999 -99999 -99999 -99999 -99999 53 55 -99999 -99999 -99999 -99999 -99999 -99999 -99999 -99999 -99999 -99999 -99999 -99999
-99999 -99999 -99999 -99999 -99999 -99999 -99999 -99999 778 779 777 769 758 732 705 -99999 641 603 563 449 426 389 388 386 369 354 337 322 313 308 306 258 248 237 227 215 202 190 179 168 160 155 151 77 75 72 59 59 56 42 41 41 41 42 41 41 40 39 41 39 39 39 40 40 42 44 -99999 -99999 -99999 55 57 -99999 -99999 -99999 -99999 -99999 -99999 -99999 -99999 -99999 -99999 -99999 -99999
-99999 -99999 -99999 -99999 -99999 -99999 -99999 -99999 751 754 754 748 -99999 -99999 -99999 -99999 -99999 588 449 421 397 352 343 332 317 299 288 282 280 279 282 246 241 235 228 219 210 201 192 183 176 171 134 83 80 76 73 59 41 41 41 41 40 40 40 40 39 39 39 38 37 37 37 38 39 42 46 50 54 57 59 -99999 -99999 -99999 -99999 -99999 -99999 -99999 -99999 -99999 -99999 -99999 -99999
-99999 -99999 -99999 -99999 -99999 -99999 -99999 -99999 715 720 -99999 719 -99999 -99999 -99999 -99999 605 449 416 388 361 335 295 277 263 249 245 246 248 253 235 235 234 230 226 221 214 208 202 195 189 183 144 88 84 80 76 62 41 41 41 40 39 39 40 40 40 39 38 38 36 35 34 35 -99999 -99999 -99999 -99999 56 61 62 -99999 -99999 -99999 -99999 -99999 -99999 -99999 -99999 -99999 -99999 -99999 -99999
-99999 -99999 -99999 -99999 -99999 -99999 -99999 -99999 669 680 685 687 -99999 -99999 -99999 615 489 417 387 357 327 298 259 243 233 230 227 225 227 232 225 226 226 225 225 221 216 212 207 203 198 158 151 94 88 83 78 54 41 41 42 41 41 40 39 40 39 38 38 36 35 34 32 -99999 -99999 -99999 -99999 -99999 57 62 64 -99999 -99999 -99999 -99999 -99999 -99999 -99999 -99999 -99999 -99999 -99999 -99999
-99999 -99999 -99999 -99999 -99999 -99999 -99999 602 620 636 647 636 -99999 -99999 -99999 -99999 -99999 421 363 334 304 275 252 224 217 225 227 211 213 220 216 218 220 222 222 220 218 215 212 208 204 163 102 97 91 86 57 55 52 43 42 42 41 40 39 41 39 38 38 37 36 34 33 33 35 39 -99999 -99999 -99999 -99999 -99999 -99999 -99999 -99999 -99999 -99999 -99999 -99999 -99999 -99999 -99999 -99999 -99999
-99999 -99999 -99999 -99999 -99999 -99999 -99999 537 557 576 589 598 -99999 -99999 -99999 -99999 370 400 345 317 288 262 238 211 195 172 162 185 199 210 209 213 216 218 219 219 218 216 185 179 174 167 106 99 93 42 41 43 42 42 42 42 42 40 40 40 39 39 37 37 37 37 37 36 37 -99999 -99999 -99999 -99999 -99999 -99999 -99999 -99999 -99999 -99999 -99999 -99999 -99999 -99999 -99999 -99999 -99999 -99999
-99999 -99999 -99999 -99999 -99999 -99999 414 427 443 531 546 -99999 -99999 -99999 -99999 -99999 360 335 312 291 283 258 237 218 194 183 178 187 197 207 205 210 214 217 198 195 191 187 182 178 174 115 110 102 95 43 42 44 43 43 42 42 42 41 41 41 40 39 39 38 37 37 38 -99999 -99999 -99999 -99999 -99999 -99999 -99999 -99999 -99999 -99999 -99999 -99999 -99999 -99999 -99999 -99999 -99999 -99999 -99999 -99999
-99999 -99999 -99999 -99999 -99999 -99999 -99999 -99999 -99999 -99999 -99999 -99999 -99999 -99999 455 432 353 331 310 290 269 253 247 229 216 206 199 204 210 202 205 209 197 196 194 191 188 184 181 176 173 115 110 104 67 43 43 45 44 43 43 46 44 44 43 42 40 39 40 38 38 38 -99999 -99999 -99999 -99999 -99999 -99999 -99999 -99999 -99999 -99999 -99999 -99999 -99999 -99999 -99999 -99999 -99999 -99999 -99999 -99999 -99999
-99999 -99999 -99999 -99999 378 -99999 -99999 -99999 -99999 -99999 -99999 -99999 -99999 -99999 -99999 423 361 344 325 308 289 272 257 244 226 221 219 220 218 223 227 233 193 191 190 187 184 180 176 125 121 116 111 106 71 47 47 47 47 47 45 44 46 45 44 44 43 41 41 40 40 -99999 -99999 -99999 -99999 -99999 -99999 -99999 -99999 -99999 -99999 -99999 -99999 -99999 -99999 -99999 -99999 -99999 -99999 -99999 -99999 -99999 -99999
-99999 -99999 -99999 -99999 -99999 -99999 -99999 -99999 -99999 -99999 -99999 -99999 -99999 -99999 -99999 439 384 368 351 335 316 300 271 260 251 245 242 242 234 235 238 200 200 199 198 181 177 173 125 119 117 114 109 71 68 48 47 47 47 47 47 46 46 47 46 45 45 44 43 43 42 -99999 -99999 -99999 -99999 -99999 -99999 -99999 -99999 -99999 -99999 -99999 -99999 -99999 -99999 -99999 -99999 -99999 -99999 -99999 -99999 -99999 -99999
-99999 -99999 -99999 -99999 -99999 -99999 -99999 -99999 -99999 511 -99999 -99999 -99999 477 471 401 389 374 360 344 327 312 300 288 278 272 267 265 251 249 197 197 196 194 192 173 167 162 119 115 110 106 103 69 67 49 49 48 48 48 48 48 48 49 49 49 48 47 46 46 45 -99999 -99999 -99999 -99999 -99999 -99999 -99999 -99999 -99999 -99999 -99999 -99999 -99999 -99999 -99999 -99999 -99999 -99999 -99999 -99999 -99999 -99999
-99999 -99999 -99999 -99999 -99999 -99999 -99999 498 513 -99999 -99999 -99999 -99999 -99999 439 432 423 411 397 381 365 349 335 323 311 270 262 256 250 245 240 236 231 227 145 141 136 113 108 106 102 99 96 67 65 50 50 50 50 50 49 50 49 50 51 51 51 51 50 50 49 49 -99999 -99999 -99999 -99999 -99999 -99999 -99999 -99999 -99999 -99999 -99999 -99999 -99999 -99999 -99999 -99999 -99999 -99999 -99999 -99999 -99999
-99999 -99999 -99999 -99999 -99999 -99999 515 527 491 -99999 -99999 -99999 -99999 -99999 -99999 471 464 454 440 427 409 392 376 326 311 298 286 275 266 258 249 242 234 226 136 131 127 101 98 95 94 91 66 51 52 51 50 51 51 51 51 52 52 53 53 53 54 54 55 54 54 -99999 -99999 -99999 -99999 -99999 -99999 -99999 -99999 -99999 -99999 -99999 -99999 -99999 -99999 -99999 -99999 -99999 -99999 -99999 -99999 -99999 -99999
-99999 -99999 -99999 -99999 -99999 -99999 -99999 529 -99999 482 -99999 -99999 -99999 -99999 515 -99999 -99999 -99999 489 471 453 399 378 359 340 322 307 293 280 267 255 244 234 132 126 122 95 93 89 86 65 64 64 51 51 53 52 53 51 52 52 53 53 54 55 56 57 58 57 57 56 -99999 -99999 -99999 -99999 -99999 -99999 -99999 -99999 -99999 -99999 -99999 -99999 -99999 -99999 -99999 -99999 -99999 -99999 -99999 -99999 -99999 -99999
-99999 -99999 -99999 -99999 527 -99999 -99999 -99999 -99999 533 523 -99999 549 559 566 569 567 558 543 523 465 439 414 389 368 346 325 307 290 273 257 243 228 121 116 87 83 80 78 61 61 61 60 52 52 53 53 53 54 55 53 54 54 56 56 58 58 61 61 61 -99999 -99999 -99999 -99999 -99999 -99999 -99999 -99999 -99999 -99999 -99999 -99999 -99999 -99999 -99999 -99999 -99999 -99999 -99999 -99999 -99999 -99999 -99999
-99999 -99999 560 -99999 -99999 -99999 521 533 -99999 563 579 -99999 581 597 610 616 -99999 605 585 545 510 474 442 411 361 334 309 286 266 247 227 209 192 87 86 81 76 63 62 61 63 49 50 50 52 52 53 54 54 54 55 56 56 56 57 59 60 62 62 -99999 -99999 -99999 -99999 -99999 -99999 -99999 -99999 -99999 -99999 -99999 -99999 -99999 -99999 -99999 -99999 -99999 -99999 -99999 -99999 -99999 -99999 -99999 -99999
-99999 -99999 -99999 -99999 -99999 -99999 605 -99999 558 576 -99999 -99999 -99999 644 -99999 676 676 665 639 594 548 500 445 402 365 335 308 284 262 241 219 186 166 73 68 65 62 59 59 58 49 49 49 52 52 53 54 53 54 55 55 55 57 58 58 60 61 62 62 62 -99999 -99999 -99999 -99999 -99999 -99999 -99999 -99999 -99999 -99999 -99999 -99999 -99999 -99999 -99999 -99999 -99999 -99999 -99999 -99999 -99999 -99999 -99999
-99999 -99999 -99999 -99999 -99999 -99999 623 554 572 593 -99999 -99999 -99999 701 719 739 747 735 698 638 569 502 446 396 357 327 300 266 243 219 195 174 153 70 66 61 59 56 55 55 48 49 50 52 52 54 54 55 55 55 56 55 56 57 -99999 -99999 -99999 -99999 -99999 -99999 -99999 -99999 -99999 -99999 -99999 -99999 -99999 -99999 -99999 -99999 -99999 -99999 -99999 -99999 -99999 -99999 -99999 -99999 -99999 -99999 -99999 -99999 -99999
-99999 -99999 -99999 -99999 -99999 -99999 636 646 580 602 -99999 -99999 -99999 -99999 764 795 808 797 747 671 575 488 421 371 328 301 275 251 230 207 184 162 141 68 63 57 55 52 52 52 52 49 50 51 52 54 55 55 55 55 56 -99999 -99999 -99999 -99999 -99999 -99999 -99999 -99999 -99999 -99999 -99999 -99999 -99999 -99999 -99999 -99999 -99999 -99999 -99999 -99999 -99999 -99999 -99999 -99999 -99999 -99999 -99999 -99999 -99999 -99999 -99999 -99999
-99999 -99999 -99999 -99999 -99999 -99999 644 -99999 665 -99999 -99999 658 695 733 774 -99999 832 823 764 661 538 433 366 322 296 275 256 236 216 195 174 153 131 66 60 55 51 49 48 48 50 49 49 51 53 54 55 56 56 56 -99999 -99999 -99999 -99999 -99999 -99999 -99999 -99999 -99999 -99999 -99999 -99999 -99999 -99999 -99999 -99999 -99999 -99999 -99999 -99999 -99999 -99999 -99999 -99999 -99999 -99999 -99999 -99999 -99999 -99999 -99999 -99999 -99999
-99999 -99999 -99999 -99999 -99999 642 649 656 666 593 615 644 676 -99999 744 775 789 767 693 577 440 340 290 268 257 248 235 218 201 182 162 145 74 66 59 54 49 48 48 48 48 49 49 51 54 56 56 57 57 -99999 -99999 -99999 -99999 -99999 -99999 -99999 -99999 -99999 -99999 -99999 -99999 -99999 -99999 -99999 -99999 -99999 -99999 -99999 -99999 -99999 -99999 -99999 -99999 -99999 -99999 -99999 -99999 -99999 -99999 -99999 -99999 -99999 -99999
-99999 -99999 -99999 -99999 -99999 -99999 -99999 657 -99999 -99999 -99999 -99999 666 680 695 701 692 638 555 447 335 259 231 227 229 226 214 199 184 167 150 136 72 65 59 55 51 49 48 48 50 52 49 51 54 56 56 59 59 -99999 -99999 -99999 -99999 -99999 -99999 -99999 -99999 -99999 -99999 -99999 -99999 -99999 -99999 -99999 -99999 -99999 -99999 -99999 -99999 -99999 -99999 -99999 -99999 -99999 -99999 -99999 -99999 -99999 -99999 -99999 -99999 -99999 -99999
-99999 -99999 -99999 638 644 648 654 622 621 -99999 624 627 630 632 629 618 593 544 446 364 287 234 218 219 219 209 191 173 160 147 137 126 70 65 61 57 53 52 51 51 51 53 50 51 54 56 56 56 -99999 -99999 -99999 -99999 -99999 -99999 -99999 -99999 -99999 -99999 -99999 -99999 -99999 -99999 -99999 -99999 -99999 -99999 -99999 -99999 -99999 -99999 -99999 -99999 -99999 -99999 -99999 -99999 -99999 -99999 -99999 -99999 -99999 -99999 -99999
-99999 -99999 -99999 -99999 645 621 622 620 617 -99999 609 602 596 586 571 548 515 468 408 326 283 238 224 215 199 175 149 131 124 121 118 113 68 64 61 57 54 53 52 52 52 53 49 50 52 54 56 -99999 -99999 -99999 -99999 -99999 -99999 -99999 -99999 -99999 -99999 -99999 -99999 -99999 -99999 -99999 -99999 -99999 -99999 -99999 -99999 -99999 -99999 -99999 -99999 -99999 -99999 -99999 -99999 -99999 -99999 -99999 -99999 -99999 -99999 -99999 -99999
-99999 -99999 624 635 622 625 625 623 618 609 600 -99999 572 555 532 503 469 427 380 320 279 229 207 181 146 112 87 79 83 91 99 101 65 61 60 56 53 51 50 50 50 47 49 49 50 53 53 -99999 -99999 -99999 -99999 -99999 -99999 -99999 -99999 -99999 -99999 -99999 -99999 -99999 -99999 -99999 -99999 -99999 -99999 -99999 -99999 -99999 -99999 -99999 -99999 -99999 -99999 -99999 -99999 -99999 -99999 -99999 -99999 -99999 -99999 -99999 -99999
-99999 597 610 623 634 633 635 633 626 615 -99999 583 563 541 513 481 448 408 366 314 269 207 177 140 97 62 42 42 55 71 84 92 61 60 57 55 52 50 48 47 48 47 47 49 50 51 53 53 -99999 -99999 -99999 -99999 -99999 -99999 -99999 -99999 -99999 -99999 -99999 -99999 -99999 -99999 -99999 -99999 -99999 -99999 -99999 -99999 -99999 -99999 -99999 -99999 -99999 -99999 -99999 -99999 -99999 -99999 -99999 -99999 -99999 -99999 -99999
570 583 -99999 622 640 655 663 650 643 -99999 614 591 566 538 507 473 438 401 341 304 267 190 153 116 80 53 38 38 49 65 79 87 59 58 57 54 51 50 47 47 47 47 47 48 49 50 50 51 52 -99999 -99999 -99999 -99999 -99999 -99999 -99999 -99999 -99999 -99999 -99999 -99999 -99999 -99999 -99999 -99999 -99999 -99999 -99999 -99999 -99999 -99999 -99999 -99999 -99999 -99999 -99999 -99999 -99999 -99999 -99999 -99999 -99999 -99999
508 -99999 -99999 -99999 656 675 -99999 688 685 655 634 608 579 548 514 477 409 375 338 304 267 180 153 115 89 70 58 58 63 73 54 57 58 58 57 55 52 50 50 48 47 47 47 49 49 50 50 51 51 50 51 -99999 -99999 -99999 -99999 -99999 -99999 -99999 -99999 -99999 -99999 -99999 -99999 -99999 -99999 -99999 -99999 -99999 -99999 -99999 -99999 -99999 -99999 -99999 -99999 -99999 -99999 -99999 -99999 -99999 -99999 -99999 -99999
-99999 -99999 -99999 -99999 -99999 -99999 -99999 -99999 712 698 682 634 600 568 530 447 413 379 345 311 275 179 158 133 105 92 82 53 53 54 56 57 58 57 57 56 54 46 47 47 47 47 47 49 49 50 50 51 50 50 51 50 -99999 -99999 -99999 -99999 -99999 -99999 -99999 -99999 -99999 -99999 -99999 -99999 -99999 -99999 -99999 -99999 -99999 -99999 -99999 -99999 -99999 -99999 -99999 -99999 -99999 -99999 -99999 -99999 -99999 -99999 -99999
-99999 -99999 -99999 -99999 -99999 -99999 778 -99999 751 729 705 678 532 490 494 456 422 388 355 324 293 182 165 149 79 61 60 57 57 57 58 59 58 58 42 42 44 45 45 46 46 47 49 49 50 50 50 50 50 50 51 50 49 49 48 48 47 46 -99999 -99999 -99999 -99999 -99999 -99999 -99999 -99999 -99999 -99999 -99999 -99999 -99999 -99999 -99999 -99999 -99999 -99999 -99999 -99999 -99999 -99999 -99999 -99999 -99999
-99999 -99999 -99999 -99999 -99999 -99999 -99999 826 795 761 727 605 555 511 467 465 431 399 368 340 198 102 96 91 85 64 61 60 59 58 58 58 58 40 40 42 42 43 43 45 45 47 49 50 50 50 51 50 50 50 51 51 50 50 49 48 47 46 45 -99999 -99999 -99999 -99999 -99999 -99999 -99999 -99999 -99999 -99999 -99999 -99999 -99999 -99999 -99999 -99999 -99999 -99999 -99999 -99999 -99999 -99999 -99999 -99999
-99999 -99999 -99999 -99999 -99999 -99999 918 878 833 735 679 622 568 521 476 437 402 405 284 260 113 107 101 95 89 86 61 60 59 58 57 56 55 40 40 40 42 42 42 42 44 47 47 47 51 52 52 52 51 52 52 52 51 51 51 49 49 48 -99999 -99999 -99999 -99999 -99999 -99999 -99999 -99999 -99999 -99999 -99999 -99999 -99999 -99999 -99999 -99999 -99999 -99999 -99999 -99999 -99999 -99999 -99999 -99999 -99999
