assets/server-info/layers/rain_hottest.asc
NCOLS 494
NROWS 531
XLLCORNER -117
YLLCORNER -55.8333
CELLSIZE 0.166667
NODATA_VALUE -99999
[rows 180 to 215 of 531, columns 240 to 319 of 494]
222 221 198 199 208 456 407 406 295 290 376 380 382 385 393 401 413 295 284 273 245 232 217 202 189 181 181 182 187 192 195 197 233 243 255 268 282 298 315 402 473 501 528 550 572 591 607 687 692 696 692 686 682 675 671 666 662 658 656 655 653 655 654 655 655 656 656 657 606 597 588 579 612 593 534 510 412 393 378 364
526 510 172 193 204 209 402 326 363 274 288 378 384 390 394 299 296 290 283 269 254 229 215 200 189 182 181 183 187 192 195 197 237 251 264 280 297 315 402 474 502 530 555 578 598 616 819 703 708 709 706 700 693 686 679 672 665 660 656 654 654 656 657 660 661 663 664 665 665 611 603 636 627 606 586 500 469 453 460 446
523 534 216 205 207 423 399 330 367 278 290 380 385 391 301 295 293 288 280 269 253 226 215 204 194 187 187 186 189 192 195 229 244 260 276 292 313 397 427 501 528 556 582 604 622 639 714 719 721 723 719 712 704 695 685 676 667 659 801 805 803 655 659 661 665 668 670 672 673 621 651 643 633 624 525 509 494 484 469 455
512 213 211 211 210 454 408 357 317 303 309 311 391 397 293 292 290 284 278 267 255 238 219 208 200 195 194 195 192 195 197 238 252 270 287 308 331 423 455 528 557 585 610 630 648 726 731 734 736 735 722 723 716 704 692 681 784 799 809 648 813 804 658 663 668 672 675 678 709 696 698 649 641 631 533 517 566 488 476 463
497 203 204 203 214 216 420 384 354 332 332 392 394 398 290 289 286 282 275 267 257 224 222 214 207 203 201 202 195 196 235 248 265 283 302 325 417 449 522 557 585 612 637 657 675 747 746 749 863 749 719 736 726 737 701 686 785 801 813 646 648 807 659 666 673 751 682 717 703 712 679 656 647 667 541 526 511 496 481 473
333 481 486 512 470 452 428 404 381 354 350 350 334 401 435 287 285 280 274 266 258 226 220 219 213 210 208 208 199 234 245 259 277 297 317 406 441 475 548 581 610 637 661 681 751 723 762 712 712 760 757 749 723 727 745 696 678 663 653 814 813 803 790 773 678 741 726 712 699 685 673 661 672 643 633 532 556 542 489 476
293 319 417 189 194 453 435 417 450 449 370 370 372 371 351 285 283 280 274 267 260 251 224 217 219 216 214 214 214 248 259 274 292 312 396 432 468 503 574 608 636 663 742 752 762 769 774 776 777 704 770 763 754 725 727 710 691 783 665 801 660 792 779 696 751 730 716 703 689 678 718 673 656 656 584 566 524 510 522 508
314 376 445 670 704 562 543 680 655 636 475 599 591 589 594 350 344 336 274 268 262 254 227 222 218 221 219 219 266 261 274 288 307 390 421 457 493 564 599 632 660 738 753 764 773 779 782 786 787 714 784 711 771 716 745 736 749 763 773 779 778 771 700 747 736 724 703 692 680 668 658 661 615 638 560 561 545 530 516 502
320 400 508 611 685 631 623 748 723 705 690 629 619 574 569 418 355 346 336 304 294 284 229 225 222 225 224 223 279 291 288 303 324 413 445 481 518 587 621 652 731 749 764 774 726 787 790 793 704 707 709 708 707 709 713 720 728 737 744 749 749 714 736 726 718 709 690 679 670 659 630 619 643 595 583 558 540 523 507 496
373 496 611 692 710 694 671 649 685 726 674 661 602 594 588 583 377 367 356 345 334 322 287 278 225 223 228 286 294 307 303 320 406 438 470 505 541 607 641 724 743 758 772 782 698 700 701 701 703 802 708 713 701 700 700 701 704 708 711 714 714 711 706 702 695 691 686 666 657 630 620 609 636 625 613 599 523 506 491 477
521 639 773 811 795 778 744 719 714 692 677 664 654 610 601 595 479 383 372 360 348 336 327 316 307 273 231 292 309 322 338 427 429 460 492 527 611 641 713 735 751 767 779 697 699 700 700 701 705 707 710 700 696 692 688 686 682 681 678 678 677 676 675 673 672 671 706 681 628 619 651 640 629 617 604 590 518 501 486 472
621 784 923 940 884 812 756 734 712 693 681 670 661 654 648 605 493 478 385 374 362 351 340 330 322 315 308 330 339 336 424 447 451 480 512 545 627 699 722 742 758 772 784 791 699 700 699 701 703 706 711 699 692 687 681 673 704 656 649 644 643 644 646 649 650 652 653 621 615 607 599 590 622 610 596 582 567 496 480 466
711 896 1025 1015 923 812 746 710 698 687 679 670 662 657 652 648 431 492 477 463 375 364 355 409 401 394 461 462 467 427 495 515 597 619 581 610 698 710 730 748 763 776 696 699 700 700 700 700 703 707 713 697 691 685 675 663 648 630 618 674 674 675 616 623 629 634 638 608 603 646 590 627 614 601 588 572 557 488 472 458
757 915 1002 990 894 767 695 674 672 674 671 666 660 656 652 648 646 429 418 475 455 447 438 431 422 415 484 486 490 514 584 599 618 638 658 687 708 728 737 754 767 779 696 698 700 700 700 701 705 711 701 695 692 686 675 657 632 607 588 577 657 582 591 669 674 617 623 595 592 587 631 621 607 594 579 563 546 529 465 451
741 854 904 895 809 702 645 644 654 659 661 659 655 653 649 647 646 641 485 480 470 463 455 448 441 434 504 505 528 536 605 619 636 654 672 690 717 734 750 757 770 780 697 699 702 703 703 703 708 714 697 695 695 691 677 653 619 663 648 642 642 647 654 660 595 604 651 646 582 577 625 614 602 588 571 552 535 517 458 442
747 789 810 801 745 670 631 633 644 650 651 649 647 645 645 679 683 688 691 568 561 480 473 467 459 523 519 544 550 557 625 638 652 668 683 700 725 741 754 769 772 782 790 710 703 704 705 707 706 717 695 696 697 694 679 650 605 650 534 629 632 637 646 654 661 594 575 642 637 570 620 609 595 579 562 543 525 505 474 434
734 758 770 758 726 675 645 641 641 638 635 556 655 660 666 672 677 683 688 576 491 486 489 548 545 541 539 564 568 574 642 654 666 679 691 707 731 745 758 771 781 704 704 705 705 705 706 709 713 695 694 694 695 691 674 642 668 643 627 624 627 634 642 650 657 589 642 637 567 625 556 603 589 573 555 535 516 482 463 448
772 773 766 762 741 684 655 638 550 538 548 553 561 570 658 666 672 607 685 690 499 496 567 565 562 560 558 581 586 591 598 668 677 690 702 714 739 748 761 772 692 694 705 706 706 706 707 710 694 691 690 690 688 681 710 632 665 642 629 625 627 634 641 649 654 660 639 633 628 620 610 597 583 567 547 526 493 472 452 435
766 765 761 759 739 700 658 547 519 509 517 531 547 561 575 660 669 677 683 688 692 579 580 580 579 577 575 598 602 606 659 680 688 698 709 721 745 756 687 689 690 693 695 695 706 706 707 692 689 687 684 683 679 670 703 626 667 558 636 631 530 637 642 649 654 638 560 559 624 551 607 594 579 561 543 519 486 465 444 426
768 767 762 755 731 687 554 501 418 419 437 511 534 552 570 585 667 674 683 687 692 623 648 595 595 593 628 629 617 682 674 676 699 706 715 725 750 759 685 688 689 690 693 694 696 688 687 686 683 682 678 675 669 658 696 621 668 654 554 640 639 643 646 651 654 636 632 555 622 613 539 590 575 557 537 502 481 459 437 418
808 775 763 748 720 671 530 426 396 401 423 500 528 551 569 588 601 613 622 625 636 630 652 640 672 673 673 674 704 699 697 696 695 698 722 690 692 696 697 685 687 689 690 693 694 704 680 679 678 662 658 654 648 692 636 619 599 660 653 648 647 648 650 570 576 554 630 625 619 610 601 588 573 555 519 499 478 454 432 413
929 791 763 740 711 664 527 431 405 407 427 503 530 553 575 593 607 620 626 638 646 640 644 674 676 676 676 705 704 701 696 695 694 697 697 689 692 694 696 697 685 686 689 690 692 702 702 658 655 654 651 646 640 687 619 605 666 664 659 655 652 652 570 654 576 632 551 624 545 609 599 586 571 534 519 498 477 453 431 410
974 847 774 742 707 587 539 502 429 430 443 516 540 563 585 604 618 628 642 650 658 678 679 680 680 678 706 705 703 699 698 694 693 692 689 686 690 692 694 697 697 684 686 687 701 701 657 701 647 645 641 637 631 683 613 603 592 660 656 652 576 654 574 653 577 578 626 621 615 607 598 585 551 536 516 499 478 455 432 404
1005 870 832 752 616 582 558 523 509 509 519 483 558 579 531 549 614 647 658 665 693 685 685 684 711 709 706 704 701 698 697 695 690 689 689 686 687 690 692 694 697 698 700 684 652 700 700 699 639 637 632 628 623 616 608 600 592 661 656 570 566 562 647 565 564 651 625 543 539 607 581 568 554 539 519 499 478 459 426 408
924 907 804 705 621 593 566 535 527 536 544 494 512 531 602 620 636 666 674 698 701 702 690 714 711 709 706 702 700 697 695 693 692 686 686 684 685 688 691 692 694 697 698 699 646 645 643 643 631 629 624 621 617 611 604 597 590 659 657 571 566 649 559 561 560 560 542 620 512 506 583 572 558 543 525 505 485 464 433 416
1008 907 804 777 679 605 567 556 551 545 504 517 535 553 627 647 661 704 707 709 708 709 717 715 711 709 705 701 698 695 692 691 689 688 692 682 683 686 688 691 693 694 696 698 699 637 636 635 634 621 617 614 609 605 669 666 662 580 575 569 649 645 643 641 555 554 528 526 604 509 588 575 562 548 530 512 494 462 443 427
984 983 810 787 709 682 637 575 560 565 525 539 556 628 601 631 695 716 717 716 728 725 718 715 711 708 704 700 696 692 690 687 686 676 679 681 683 683 686 689 691 693 695 696 697 630 629 628 627 612 609 606 603 599 668 589 583 578 572 649 646 643 551 548 639 536 529 526 517 510 505 579 566 554 536 519 503 472 456 441
954 961 927 741 775 755 591 586 537 581 542 557 627 599 684 701 714 724 724 730 728 725 719 715 711 707 703 697 693 690 687 685 673 672 677 680 681 682 685 688 690 692 694 695 696 695 623 622 620 619 602 601 598 594 590 586 581 575 652 648 644 550 636 542 534 534 621 522 518 513 506 584 571 558 543 527 497 482 467 454
846 856 863 797 731 644 601 548 599 553 613 571 658 628 702 655 723 732 733 731 729 725 723 715 710 706 701 696 691 686 683 671 671 670 675 677 680 683 680 686 689 691 693 694 627 694 694 614 613 589 587 586 676 673 577 661 658 654 565 646 641 637 541 531 529 529 528 524 520 515 508 501 576 564 549 534 507 494 480 469
819 834 846 742 710 648 606 556 557 564 623 605 669 637 709 722 734 736 735 732 729 725 722 715 709 705 699 692 686 673 669 667 666 666 672 676 679 682 685 686 688 691 693 693 620 692 692 607 588 586 584 584 582 673 577 572 568 563 651 552 546 636 538 530 529 529 528 522 518 512 505 587 493 568 555 541 433 504 415 408
733 818 832 735 708 653 642 560 610 567 629 609 625 690 709 728 734 737 735 732 728 724 721 719 709 703 697 679 673 669 665 663 662 662 668 673 676 681 685 687 689 691 692 692 692 612 609 592 681 583 582 580 580 673 574 572 568 562 652 550 545 634 534 529 530 530 527 524 520 514 507 498 488 479 555 534 437 513 421 414
722 728 732 722 611 651 640 589 562 576 585 610 624 709 711 723 730 734 732 729 725 722 720 718 709 703 684 677 669 663 659 657 656 660 664 669 676 681 684 689 692 692 693 693 610 606 592 682 586 581 580 579 577 673 574 571 663 562 652 551 544 634 534 529 530 530 527 524 520 514 507 499 489 480 471 449 441 433 426 515
712 719 652 644 633 646 592 587 582 574 594 606 686 683 700 713 721 731 728 725 722 719 718 716 697 692 684 674 665 657 651 648 650 655 660 667 674 680 686 691 693 696 695 693 606 591 683 584 583 578 577 577 576 672 573 571 664 562 652 551 544 636 534 530 529 529 526 524 520 514 507 499 490 481 472 463 456 436 434 430
704 649 642 634 623 591 588 580 567 569 587 626 639 668 686 700 709 725 724 721 719 718 717 715 699 694 684 672 661 649 643 641 644 650 657 665 674 682 688 693 696 699 698 696 595 590 682 582 579 577 675 674 675 673 672 571 568 659 558 553 547 637 633 531 530 530 524 522 518 513 506 497 490 481 473 464 458 442 363 358
641 638 632 623 613 583 531 572 560 583 653 605 622 641 669 686 699 721 719 718 717 716 715 706 702 695 686 672 656 640 633 633 639 645 655 664 675 683 690 697 701 703 701 701 596 589 582 578 674 574 574 575 674 675 673 573 569 662 560 554 548 545 637 532 532 524 522 519 516 510 504 496 488 480 473 465 460 367 360 438
631 629 623 614 586 531 568 554 626 629 630 583 601 625 651 674 691 718 717 716 715 716 715 709 705 700 689 674 654 636 628 629 635 645 654 665 677 686 695 697 702 704 705 701 696 589 581 575 572 571 572 574 675 674 673 671 569 566 561 557 551 547 533 631 631 521 519 516 511 507 502 495 485 479 470 465 460 364 355 441
