assets/server-info/layers/rain_hottest.asc
NCOLS 494
NROWS 531
XLLCORNER -117
YLLCORNER -55.8333
CELLSIZE 0.166667
NODATA_VALUE -99999
[rows 288 to 323 of 531, columns 400 to 479 of 494]
408 408 411 414 420 425 431 433 434 433 430 425 422 419 417 416 413 414 414 413 412 402 394 387 370 350 337 311 302 296 292 288 282 275 268 264 264 268 274 278 283 509 511 414 411 381 375 355 351 346 341 338 335 332 331 336 339 343 351 362 382 400 421 442 465 482 494 501 -99999 -99999 -99999 -99999 -99999 -99999 -99999 -99999 -99999 -99999 -99999 -99999
404 405 408 413 419 427 434 438 439 436 431 425 422 418 417 416 414 414 414 413 411 402 394 642 626 573 556 544 301 296 292 290 285 281 271 264 265 270 277 281 286 516 445 421 418 400 391 360 353 346 341 336 334 332 330 329 334 336 348 359 368 385 403 422 441 459 471 479 -99999 -99999 -99999 -99999 -99999 -99999 -99999 -99999 -99999 -99999 -99999 -99999
402 402 404 411 420 428 437 443 445 439 433 424 418 416 415 412 413 413 414 413 410 398 652 637 622 570 521 542 302 296 293 292 291 288 281 273 272 276 281 285 448 448 445 443 423 415 394 381 356 348 339 336 332 331 333 331 332 335 341 349 357 371 389 405 421 436 450 458 462 -99999 -99999 -99999 -99999 -99999 -99999 -99999 -99999 -99999 -99999 -99999
400 401 403 409 418 428 437 444 445 439 431 422 416 413 414 413 412 412 411 409 400 658 645 631 615 567 519 541 301 297 293 292 294 531 287 283 281 283 522 529 454 451 449 445 427 419 398 384 371 358 345 339 333 333 333 331 327 329 334 341 349 362 377 391 406 428 432 440 446 -99999 -99999 -99999 -99999 -99999 -99999 -99999 -99999 -99999 -99999 -99999
401 401 404 410 417 425 432 436 438 434 428 419 413 408 410 416 415 412 684 676 657 646 634 621 608 571 517 538 534 523 527 529 294 293 528 289 289 290 534 540 460 457 451 447 433 427 405 387 371 354 345 338 333 332 332 326 319 321 327 336 343 354 368 392 405 408 417 425 -99999 -99999 -99999 -99999 -99999 -99999 -99999 -99999 -99999 -99999 -99999 -99999
404 404 408 412 418 421 424 427 429 427 422 416 410 402 395 425 416 688 677 666 643 631 620 609 599 563 514 505 520 523 527 292 293 293 292 533 536 542 547 550 469 460 454 449 443 436 412 389 369 352 343 338 332 327 322 310 307 310 317 323 329 360 374 385 397 397 405 412 -99999 -99999 -99999 -99999 -99999 -99999 -99999 -99999 -99999 -99999 -99999 -99999
407 408 410 414 417 417 418 420 423 421 420 416 411 408 415 419 695 682 667 650 638 611 602 594 565 556 511 505 483 524 528 530 534 534 537 539 545 552 556 557 476 464 454 452 451 444 424 387 360 346 341 337 331 324 313 300 299 307 315 323 330 338 372 382 383 391 398 403 -99999 -99999 -99999 -99999 -99999 -99999 -99999 -99999 -99999 -99999 -99999 -99999
410 412 413 415 416 415 416 417 419 418 419 416 414 413 412 693 683 666 649 627 610 584 578 576 552 547 508 484 484 527 530 531 539 539 542 547 552 559 563 562 561 467 455 452 454 447 422 375 348 335 333 334 333 326 315 394 303 309 319 327 334 342 353 382 381 388 393 398 -99999 -99999 -99999 -99999 -99999 -99999 -99999 -99999 -99999 -99999 -99999 -99999
411 413 414 415 416 415 416 416 417 417 418 417 681 683 682 681 669 647 620 592 571 564 551 555 540 539 534 485 484 484 485 536 544 545 546 550 555 560 565 565 629 476 462 455 451 439 411 368 333 323 326 333 336 332 326 317 315 319 326 333 340 347 359 365 370 387 391 -99999 -99999 -99999 -99999 -99999 -99999 -99999 -99999 -99999 -99999 -99999 -99999 -99999
405 413 415 415 416 415 415 416 417 418 418 418 417 677 675 669 651 623 588 553 532 525 528 537 530 524 522 504 485 486 486 487 555 556 548 551 556 568 566 568 639 477 465 455 448 430 406 370 334 321 325 335 342 343 339 334 331 332 337 342 347 359 365 371 375 380 391 -99999 -99999 -99999 -99999 -99999 -99999 -99999 -99999 -99999 -99999 -99999 -99999 -99999
404 407 407 415 415 416 416 417 418 418 417 418 676 674 668 655 637 603 561 521 499 501 510 523 523 525 507 505 501 487 488 547 556 557 560 569 501 502 647 498 496 477 467 458 449 435 407 379 349 338 342 346 356 360 359 355 349 349 350 353 362 367 373 378 383 386 388 -99999 -99999 -99999 -99999 -99999 -99999 -99999 -99999 -99999 -99999 -99999 -99999 -99999
406 407 407 410 410 411 414 418 419 419 419 681 681 678 669 659 634 596 551 513 493 496 509 528 523 526 510 507 502 493 491 553 555 558 566 506 503 503 503 501 498 480 472 463 454 443 417 399 383 364 367 377 380 387 386 380 370 365 363 368 371 374 379 384 389 391 394 -99999 -99999 -99999 -99999 -99999 -99999 -99999 -99999 -99999 -99999 -99999 -99999 -99999
405 406 406 406 407 407 407 404 404 405 405 689 692 688 687 671 644 609 564 529 510 512 519 534 544 535 519 514 508 493 492 555 555 558 567 509 513 508 508 508 505 502 494 468 460 455 433 420 409 403 393 403 409 416 411 402 388 380 379 377 377 380 383 389 393 396 398 -99999 -99999 -99999 -99999 -99999 -99999 -99999 -99999 -99999 -99999 -99999 -99999 -99999
402 402 403 402 402 402 399 399 401 391 393 394 410 714 707 693 665 633 598 567 548 545 543 552 557 560 524 520 514 505 500 560 559 498 506 513 520 526 529 519 518 507 495 483 466 463 448 439 429 424 426 426 437 438 433 417 405 394 387 382 382 383 386 391 397 401 403 -99999 -99999 -99999 -99999 -99999 -99999 -99999 -99999 -99999 -99999 -99999 -99999 -99999
398 398 398 397 397 387 393 386 386 388 392 396 719 732 724 719 693 662 633 606 591 573 573 576 576 573 550 528 521 520 513 509 504 507 515 522 531 538 542 544 548 520 500 478 465 463 465 459 442 437 437 436 443 446 541 430 413 400 391 385 384 383 386 391 396 402 404 -99999 -99999 -99999 -99999 -99999 -99999 -99999 -99999 -99999 -99999 -99999 -99999 -99999
396 394 393 383 382 382 628 626 382 644 390 717 402 406 407 737 709 688 663 641 626 620 599 597 593 569 562 563 537 530 526 523 515 520 539 549 539 548 557 573 573 557 529 491 467 466 468 467 462 455 450 438 443 445 441 430 414 403 392 385 384 383 384 388 395 400 -99999 -99999 -99999 -99999 -99999 -99999 -99999 -99999 -99999 -99999 -99999 -99999 -99999 -99999
385 385 383 606 604 604 735 607 615 628 697 395 405 415 417 407 723 702 680 661 648 641 638 636 615 609 588 578 551 544 550 535 537 544 551 558 578 587 587 589 586 575 550 516 494 492 492 476 471 464 457 446 446 441 440 426 411 401 392 385 382 383 382 383 387 -99999 -99999 -99999 -99999 -99999 -99999 -99999 -99999 -99999 -99999 -99999 -99999 -99999 -99999 -99999
383 381 600 597 725 722 589 590 732 749 633 391 401 413 415 405 721 705 687 669 759 753 751 757 760 631 602 570 562 555 549 544 546 550 557 562 581 588 590 592 592 585 565 539 523 518 517 506 505 476 455 451 448 447 438 434 423 397 390 389 383 379 376 374 -99999 -99999 -99999 -99999 -99999 -99999 -99999 -99999 -99999 -99999 -99999 -99999 -99999 -99999 -99999 -99999
601 598 594 722 717 579 574 571 705 720 609 640 673 402 400 732 717 719 712 812 770 749 734 739 766 761 614 579 569 562 557 551 552 555 560 564 577 586 595 595 595 587 573 548 524 517 522 513 677 496 489 456 453 453 450 446 433 425 409 387 381 375 370 367 -99999 -99999 -99999 -99999 -99999 -99999 -99999 -99999 -99999 -99999 -99999 -99999 -99999 -99999 -99999 -99999
598 593 589 583 709 701 691 680 676 689 722 766 707 814 808 705 706 711 710 812 765 735 728 760 772 666 654 627 574 567 562 555 556 558 566 565 570 582 595 604 607 601 588 557 521 512 522 525 507 501 495 490 485 456 451 446 433 414 406 396 387 378 367 365 -99999 -99999 -99999 -99999 -99999 -99999 -99999 -99999 -99999 -99999 -99999 -99999 -99999 -99999 -99999 -99999
572 590 721 715 706 694 680 664 654 660 557 739 776 712 702 697 699 709 826 827 783 772 743 758 787 811 675 668 620 570 566 562 559 566 563 563 566 579 597 616 629 632 621 594 549 532 529 531 531 504 499 495 490 458 453 441 433 414 405 396 388 377 370 366 -99999 -99999 -99999 -99999 -99999 -99999 -99999 -99999 -99999 -99999 -99999 -99999 -99999 -99999 -99999 -99999
703 726 583 714 570 693 684 664 650 656 686 730 684 707 709 705 706 717 726 725 712 822 788 794 820 828 822 673 621 607 569 580 573 566 563 562 564 577 599 623 648 648 638 619 592 565 555 551 549 545 499 496 493 460 449 441 434 414 407 398 390 382 371 369 -99999 -99999 -99999 -99999 -99999 -99999 -99999 -99999 -99999 -99999 -99999 -99999 -99999 -99999 -99999 -99999
709 711 711 717 709 707 694 677 669 674 699 733 764 709 715 719 726 736 748 754 751 889 873 719 853 712 692 679 624 608 588 584 579 573 565 559 557 572 592 623 648 656 640 628 603 583 567 554 544 537 512 509 508 456 449 443 408 402 396 401 395 377 374 373 -99999 -99999 -99999 -99999 -99999 -99999 -99999 -99999 -99999 -99999 -99999 -99999 -99999 -99999 -99999 -99999
709 712 713 713 720 713 711 702 698 704 721 745 768 788 725 734 747 759 771 778 781 776 918 747 736 726 700 684 625 611 593 592 588 580 564 541 529 546 594 615 635 640 636 619 603 585 565 544 529 521 519 505 484 447 441 414 408 402 398 394 386 381 379 378 -99999 -99999 -99999 -99999 -99999 -99999 -99999 -99999 -99999 -99999 -99999 -99999 -99999 -99999 -99999 -99999
707 712 715 717 728 703 722 719 718 731 742 757 697 711 839 741 756 770 782 787 797 796 783 769 903 737 707 689 627 609 610 601 602 596 571 523 495 530 586 610 638 628 619 605 597 581 555 527 507 501 504 488 467 444 437 412 406 402 399 396 390 388 386 369 -99999 -99999 -99999 -99999 -99999 -99999 -99999 -99999 -99999 -99999 -99999 -99999 -99999 -99999 -99999 -99999
707 714 719 723 738 738 739 740 741 741 748 757 769 822 749 758 764 776 786 788 827 806 790 778 761 744 734 719 678 634 617 616 617 619 596 544 518 558 606 621 635 615 599 604 598 575 543 508 485 481 482 472 463 437 402 387 383 381 382 382 382 381 373 372 -99999 -99999 -99999 -99999 -99999 -99999 -99999 -99999 -99999 -99999 -99999 -99999 -99999 -99999 -99999 -99999
706 714 721 719 687 585 750 697 723 724 758 763 773 741 750 758 768 775 785 794 802 798 790 779 762 747 737 722 681 627 632 626 624 624 615 588 594 627 644 640 650 629 611 613 605 590 553 506 480 478 476 465 451 408 395 387 379 382 385 387 388 387 -99999 -99999 -99999 -99999 -99999 -99999 -99999 -99999 -99999 -99999 -99999 -99999 -99999 -99999 -99999 -99999 -99999 -99999
694 705 658 723 733 722 755 724 759 759 729 766 801 740 747 754 762 771 777 785 789 788 779 772 760 752 739 747 693 660 658 636 630 627 623 623 629 651 660 661 660 653 643 638 608 590 559 522 493 489 475 468 440 397 385 380 381 386 389 395 397 -99999 -99999 -99999 -99999 -99999 -99999 -99999 -99999 -99999 -99999 -99999 -99999 -99999 -99999 -99999 -99999 -99999 -99999 -99999
692 705 658 726 679 745 725 724 725 726 762 782 720 738 744 748 751 756 761 769 772 771 768 762 753 749 738 752 695 678 675 674 651 647 643 641 636 656 659 665 672 674 671 651 620 601 576 541 516 498 472 463 428 382 372 369 374 385 396 404 405 -99999 -99999 -99999 -99999 -99999 -99999 -99999 -99999 -99999 -99999 -99999 -99999 -99999 -99999 -99999 -99999 -99999 -99999 -99999
663 644 715 725 705 687 726 760 761 728 773 785 722 736 739 739 737 738 741 748 753 753 751 747 743 756 734 700 702 708 712 705 722 718 709 661 684 658 665 677 678 688 680 660 629 607 589 546 520 515 472 460 440 363 354 354 363 374 399 415 416 -99999 -99999 -99999 -99999 -99999 -99999 -99999 -99999 -99999 -99999 -99999 -99999 -99999 -99999 -99999 -99999 -99999 -99999 -99999
653 696 709 723 733 684 701 728 762 772 712 789 722 728 734 732 730 728 730 734 737 736 734 731 727 726 698 701 706 715 725 738 746 747 741 720 676 687 677 686 695 719 684 642 613 596 552 550 532 525 474 454 429 346 336 326 339 361 392 412 -99999 -99999 -99999 -99999 -99999 -99999 -99999 -99999 -99999 -99999 -99999 -99999 -99999 -99999 -99999 -99999 -99999 -99999 -99999 -99999
647 693 706 716 726 736 751 707 775 711 715 794 728 730 730 730 728 728 727 726 724 720 716 712 688 662 692 698 709 717 731 750 766 769 753 732 711 669 677 687 691 685 655 604 720 578 580 551 546 531 479 453 391 354 311 310 319 337 365 385 -99999 -99999 -99999 -99999 -99999 -99999 -99999 -99999 -99999 -99999 -99999 -99999 -99999 -99999 -99999 -99999 -99999 -99999 -99999 -99999
642 655 702 712 721 729 734 710 711 714 718 726 727 729 729 719 726 725 724 720 713 706 701 678 676 661 661 690 699 710 725 745 768 770 754 722 695 670 670 680 656 644 615 577 701 568 562 556 549 525 477 451 390 314 301 296 303 313 332 -99999 -99999 -99999 -99999 -99999 -99999 -99999 -99999 -99999 -99999 -99999 -99999 -99999 -99999 -99999 -99999 -99999 -99999 -99999 -99999 -99999
612 624 647 686 718 724 729 723 723 681 686 708 710 712 714 715 723 721 718 711 702 682 677 673 747 744 642 657 790 693 706 726 763 788 757 700 667 668 659 666 660 634 588 567 550 553 563 565 554 520 486 442 377 318 298 294 294 -99999 -99999 -99999 -99999 -99999 -99999 -99999 -99999 -99999 -99999 -99999 -99999 -99999 -99999 -99999 -99999 -99999 -99999 -99999 -99999 -99999 -99999 -99999
604 628 636 645 685 652 711 670 672 665 679 680 709 710 711 710 700 706 701 693 757 676 668 667 665 665 642 641 656 671 677 677 733 808 753 753 631 650 657 646 655 633 591 530 515 539 566 571 572 509 443 444 381 325 300 286 278 -99999 -99999 -99999 -99999 -99999 -99999 -99999 -99999 -99999 -99999 -99999 -99999 -99999 -99999 -99999 -99999 -99999 -99999 -99999 -99999 -99999 -99999 -99999
596 620 626 633 642 647 698 660 661 652 654 671 673 708 688 689 692 699 695 689 681 744 658 658 666 746 741 735 643 644 651 638 649 719 713 663 640 650 650 635 670 671 626 554 524 538 549 573 562 499 431 435 392 328 298 257 -99999 -99999 -99999 -99999 -99999 -99999 -99999 -99999 -99999 -99999 -99999 -99999 -99999 -99999 -99999 -99999 -99999 -99999 -99999 -99999 -99999 -99999 -99999 -99999
