assets/server-info/layers/rain_hottest.asc
NCOLS 494
NROWS 531
XLLCORNER -117
YLLCORNER -55.8333
CELLSIZE 0.166667
NODATA_VALUE -99999
[rows 72 to 107 of 531, columns 80 to 159 of 494]
393 409 187 373 398 399 234 223 215 206 186 158 136 135 141 334 323 293 279 170 170 162 153 136 125 111 137 148 232 340 374 388 399 401 556 555 475 445 397 -99999 -99999 -99999 -99999 -99999 -99999 -99999 -99999 -99999 -99999 -99999 -99999 -99999 -99999 -99999 -99999 -99999 -99999 -99999 -99999 -99999 -99999 -99999 -99999 -99999 -99999 -99999 -99999 -99999 -99999 -99999 -99999 -99999 -99999 -99999 -99999 -99999 -99999 -99999 -99999 -99999
425 398 360 212 204 217 419 404 399 223 196 164 133 57 112 299 298 297 157 163 178 184 179 144 105 164 142 188 161 262 285 313 338 400 437 615 584 415 342 435 -99999 -99999 -99999 -99999 -99999 -99999 -99999 -99999 -99999 -99999 -99999 -99999 -99999 -99999 -99999 -99999 -99999 -99999 -99999 -99999 -99999 -99999 -99999 -99999 -99999 -99999 -99999 -99999 -99999 -99999 -99999 -99999 -99999 -99999 -99999 -99999 -99999 -99999 -99999 295
378 385 198 199 212 221 390 194 195 205 198 183 158 128 150 292 314 317 163 183 210 221 223 234 150 214 231 219 144 123 256 255 307 468 465 749 785 708 528 397 461 -99999 -99999 -99999 -99999 -99999 -99999 -99999 -99999 -99999 -99999 -99999 -99999 -99999 -99999 -99999 -99999 -99999 -99999 -99999 -99999 -99999 -99999 -99999 -99999 -99999 -99999 -99999 -99999 -99999 -99999 -99999 -99999 -99999 -99999 -99999 -99999 -99999 -99999 294
349 429 446 213 204 190 190 200 208 218 189 187 199 198 179 154 315 330 174 180 222 233 235 220 200 195 178 237 183 157 197 177 229 426 389 500 1224 1083 572 368 369 457 -99999 -99999 -99999 -99999 -99999 -99999 -99999 -99999 -99999 -99999 -99999 -99999 -99999 -99999 -99999 -99999 -99999 -99999 -99999 -99999 -99999 -99999 -99999 -99999 -99999 -99999 -99999 -99999 -99999 -99999 -99999 -99999 -99999 -99999 -99999 -99999 -99999 276
353 518 514 427 214 187 187 389 224 223 183 170 182 186 167 155 349 361 355 377 193 197 212 220 220 349 208 298 257 191 192 211 246 259 233 391 651 492 370 426 399 397 435 -99999 -99999 -99999 -99999 -99999 -99999 -99999 -99999 -99999 -99999 -99999 -99999 -99999 -99999 -99999 -99999 -99999 -99999 -99999 -99999 -99999 -99999 -99999 -99999 -99999 -99999 -99999 -99999 -99999 -99999 -99999 -99999 -99999 -99999 -99999 -99999 250
372 477 456 422 202 321 306 373 223 217 368 331 169 190 188 188 325 408 472 415 186 177 225 223 223 337 329 296 177 184 187 202 230 215 225 287 423 344 374 314 435 501 518 538 -99999 -99999 -99999 -99999 -99999 -99999 -99999 -99999 -99999 -99999 -99999 -99999 -99999 -99999 -99999 -99999 -99999 -99999 -99999 -99999 -99999 -99999 -99999 -99999 -99999 -99999 -99999 -99999 -99999 -99999 -99999 -99999 -99999 -99999 244 256
377 386 421 413 369 175 186 198 224 237 232 189 223 248 239 198 235 587 573 230 201 222 228 234 253 237 215 312 187 191 223 269 251 244 234 228 243 253 135 278 437 439 569 557 -99999 -99999 -99999 -99999 -99999 -99999 -99999 -99999 -99999 -99999 -99999 -99999 -99999 -99999 -99999 -99999 -99999 -99999 -99999 -99999 -99999 -99999 -99999 -99999 -99999 -99999 -99999 -99999 -99999 -99999 -99999 -99999 -99999 -99999 242 251
166 327 381 366 174 163 176 189 197 223 293 247 260 269 292 286 307 323 260 216 232 438 408 222 243 311 244 204 200 262 302 278 269 286 247 233 246 220 303 497 569 451 281 301 -99999 -99999 -99999 -99999 -99999 -99999 -99999 -99999 -99999 -99999 -99999 -99999 -99999 -99999 -99999 -99999 -99999 -99999 -99999 -99999 -99999 -99999 -99999 -99999 -99999 -99999 -99999 -99999 -99999 -99999 -99999 -99999 -99999 -99999 237 260
386 351 361 165 144 133 145 142 161 190 218 255 237 227 272 272 294 284 250 229 261 302 238 204 241 278 303 225 253 295 303 263 257 272 252 250 238 260 351 540 555 463 252 242 517 -99999 -99999 -99999 -99999 -99999 -99999 -99999 -99999 -99999 -99999 -99999 -99999 -99999 -99999 -99999 -99999 -99999 -99999 -99999 -99999 -99999 -99999 -99999 -99999 -99999 -99999 -99999 -99999 -99999 -99999 -99999 -99999 231 261 279
350 354 183 183 151 145 145 125 104 129 148 198 206 234 262 262 258 238 249 253 284 305 311 248 373 501 283 247 255 272 300 415 240 298 295 283 272 265 363 542 533 442 232 153 227 606 -99999 -99999 -99999 -99999 -99999 -99999 -99999 -99999 -99999 -99999 -99999 -99999 -99999 -99999 -99999 -99999 -99999 -99999 -99999 -99999 -99999 -99999 -99999 -99999 -99999 -99999 -99999 -99999 -99999 -99999 279 266 276 284
493 530 428 452 206 198 179 135 121 130 130 157 175 185 229 220 218 208 236 295 305 331 337 328 324 89 255 236 284 564 574 257 226 268 285 282 282 169 433 540 524 440 407 210 277 293 350 -99999 -99999 -99999 -99999 -99999 -99999 -99999 -99999 -99999 -99999 -99999 -99999 -99999 -99999 -99999 -99999 -99999 -99999 -99999 -99999 -99999 -99999 -99999 -99999 -99999 -99999 -99999 305 302 295 292 290 287
502 544 478 499 227 37 206 156 139 130 135 147 155 157 186 186 187 191 232 288 309 331 345 352 92 82 282 208 172 230 278 274 250 257 258 243 232 289 451 550 643 695 570 381 315 295 339 -99999 -99999 -99999 -99999 -99999 -99999 -99999 -99999 -99999 -99999 -99999 -99999 -99999 -99999 -99999 -99999 -99999 -99999 -99999 -99999 -99999 -99999 -99999 -99999 -99999 478 -99999 -99999 303 308 314 308 299
498 554 443 464 226 217 206 165 146 136 153 142 144 170 177 180 181 189 218 256 310 329 328 337 358 254 286 258 204 211 246 397 271 246 229 240 222 222 282 453 649 1060 470 410 391 362 267 202 234 279 307 343 -99999 -99999 -99999 -99999 -99999 -99999 -99999 -99999 -99999 -99999 -99999 -99999 -99999 -99999 384 413 443 321 460 -99999 -99999 -99999 338 323 316 321 320 308
-99999 548 411 434 218 209 196 159 176 159 160 180 326 186 179 175 176 182 216 245 307 329 315 322 301 295 84 261 240 242 246 258 250 246 246 246 223 181 191 257 609 748 620 487 496 429 262 234 213 236 286 308 713 754 -99999 -99999 -99999 -99999 -99999 -99999 -99999 466 432 431 418 401 286 423 326 346 341 482 352 349 360 354 342 322 321 328
-99999 -99999 396 411 211 211 212 183 174 154 135 322 336 344 194 182 181 185 218 247 273 312 317 300 291 290 294 260 242 243 245 235 218 235 240 237 217 188 181 198 549 1048 866 671 530 465 364 250 219 222 264 305 350 678 -99999 -99999 -99999 -99999 635 -99999 548 477 417 434 441 510 416 466 343 355 354 383 402 399 390 381 368 355 339 342
-99999 -99999 -99999 -99999 -99999 218 208 183 177 169 338 376 356 354 193 191 186 201 224 245 263 279 281 281 293 292 271 264 247 235 241 229 221 229 240 237 229 187 169 187 500 668 781 733 673 513 438 349 275 219 226 301 339 358 641 625 623 641 643 407 393 566 503 494 589 483 489 370 376 393 415 417 442 460 456 446 434 408 394 381
-99999 -99999 -99999 -99999 -99999 -99999 -99999 -99999 -99999 -99999 -99999 428 386 366 361 194 213 215 230 224 257 272 265 255 249 249 238 243 228 240 239 237 236 245 249 245 223 196 174 180 179 468 704 767 837 694 456 418 342 305 316 332 348 344 388 653 643 417 418 425 418 410 611 590 622 589 628 474 477 471 479 468 481 477 459 449 448 425 410 391
-99999 -99999 -99999 -99999 -99999 -99999 -99999 -99999 -99999 -99999 -99999 -99999 383 369 192 221 226 232 239 240 265 263 239 225 202 195 210 216 222 231 244 248 254 259 252 250 229 100 197 158 171 309 560 746 795 670 440 777 366 338 345 346 351 359 382 644 646 653 430 436 437 454 539 818 790 796 799 617 592 530 497 481 482 478 451 446 459 445 418 396
-99999 -99999 -99999 -99999 -99999 -99999 -99999 -99999 -99999 -99999 -99999 -99999 -99999 384 386 395 421 445 457 457 273 259 239 208 165 162 189 214 230 232 248 257 270 274 264 255 241 218 197 188 178 195 390 497 558 547 515 486 405 366 352 354 373 365 387 642 643 651 441 462 495 550 669 945 915 899 636 693 675 762 740 499 494 493 478 464 466 450 438 427
-99999 -99999 -99999 -99999 -99999 -99999 -99999 -99999 -99999 -99999 -99999 -99999 -99999 -99999 -99999 404 446 469 462 464 463 460 251 233 200 187 205 218 231 231 240 245 268 275 272 276 264 230 201 213 219 228 249 265 441 540 543 542 481 403 380 414 407 392 395 405 410 683 441 497 550 546 680 764 917 659 640 631 602 753 742 491 507 499 491 481 475 451 454 441
-99999 -99999 -99999 -99999 -99999 -99999 -99999 -99999 -99999 -99999 -99999 -99999 -99999 -99999 -99999 -99999 452 465 464 464 466 474 268 272 284 253 234 215 234 222 237 239 250 268 278 452 448 249 232 254 233 221 241 259 355 492 551 551 529 470 390 402 393 375 364 391 608 418 408 414 549 547 612 742 575 483 476 540 713 713 715 491 500 497 492 485 478 452 463 453
-99999 -99999 -99999 -99999 -99999 -99999 -99999 -99999 -99999 -99999 -99999 -99999 -99999 -99999 -99999 -99999 -99999 -99999 -99999 464 473 488 500 282 289 267 246 218 209 222 228 238 245 258 284 438 425 255 244 239 236 227 222 215 327 482 636 608 508 421 376 443 379 348 345 375 409 408 551 521 584 406 330 342 417 426 465 491 645 657 490 490 494 489 489 485 464 454 474 463
-99999 -99999 -99999 -99999 -99999 -99999 -99999 -99999 -99999 -99999 -99999 -99999 -99999 -99999 -99999 -99999 -99999 -99999 -99999 -99999 -99999 723 748 506 268 241 228 212 198 196 198 216 232 249 264 306 297 289 284 246 247 245 236 190 235 336 489 494 409 374 311 263 287 324 344 415 414 391 338 313 436 415 296 328 388 460 581 514 640 492 488 485 489 491 489 481 504 493 482 482
-99999 -99999 -99999 -99999 -99999 -99999 -99999 -99999 -99999 -99999 -99999 -99999 -99999 -99999 -99999 -99999 -99999 -99999 -99999 -99999 -99999 -99999 -99999 499 250 222 220 217 192 165 153 179 216 245 275 295 315 326 321 298 255 268 263 217 183 238 226 284 292 255 290 281 283 309 372 423 423 498 407 298 421 385 279 262 474 452 634 484 481 467 467 465 470 472 476 479 510 500 492 494
-99999 -99999 -99999 -99999 -99999 -99999 -99999 -99999 -99999 -99999 -99999 -99999 -99999 -99999 -99999 -99999 -99999 -99999 -99999 -99999 -99999 -99999 -99999 -99999 -99999 -99999 -99999 210 177 138 115 148 218 267 281 299 338 366 381 343 280 244 245 199 194 260 186 216 218 251 271 283 286 303 439 432 526 487 449 377 562 285 296 326 402 419 431 443 444 457 448 439 445 446 448 515 563 656 607 603
-99999 -99999 -99999 -99999 -99999 -99999 -99999 -99999 -99999 -99999 -99999 -99999 -99999 -99999 -99999 -99999 -99999 -99999 -99999 -99999 -99999 -99999 -99999 -99999 -99999 -99999 -99999 -99999 -99999 -99999 130 165 249 288 287 298 342 377 413 372 270 224 202 209 267 298 283 239 186 257 263 258 292 341 419 435 521 659 766 683 525 322 341 350 394 411 428 407 394 387 404 460 485 534 559 608 726 698 677 668
-99999 -99999 -99999 -99999 -99999 -99999 -99999 -99999 -99999 -99999 -99999 -99999 -99999 -99999 -99999 -99999 -99999 -99999 -99999 -99999 -99999 -99999 -99999 -99999 -99999 -99999 -99999 -99999 -99999 -99999 -99999 -99999 254 284 287 298 327 356 371 336 261 220 206 253 339 328 312 276 229 255 290 291 -99999 -99999 400 -99999 191 408 582 292 209 415 354 379 437 430 427 422 374 357 409 451 496 559 586 710 761 707 877 748
-99999 -99999 -99999 -99999 -99999 -99999 -99999 -99999 -99999 -99999 -99999 -99999 -99999 -99999 -99999 -99999 -99999 -99999 -99999 -99999 -99999 -99999 -99999 -99999 -99999 -99999 -99999 -99999 -99999 -99999 -99999 -99999 -99999 -99999 281 291 315 325 323 298 262 228 257 323 200 394 321 299 277 270 -99999 -99999 -99999 -99999 -99999 -99999 -99999 350 316 144 184 452 374 417 473 477 460 437 397 401 423 459 519 593 628 790 757 712 894 893
-99999 -99999 -99999 -99999 -99999 -99999 -99999 -99999 -99999 -99999 -99999 -99999 -99999 -99999 -99999 -99999 -99999 -99999 -99999 -99999 -99999 -99999 -99999 -99999 -99999 -99999 -99999 -99999 -99999 -99999 -99999 -99999 -99999 -99999 -99999 -99999 -99999 -99999 305 290 407 422 435 488 365 373 339 309 -99999 -99999 -99999 -99999 -99999 -99999 -99999 -99999 -99999 -99999 -99999 203 198 536 507 459 524 594 547 453 405 419 420 506 632 627 645 337 747 718 924 912
-99999 -99999 -99999 -99999 -99999 -99999 -99999 -99999 -99999 -99999 -99999 -99999 -99999 -99999 -99999 -99999 -99999 -99999 -99999 -99999 -99999 -99999 -99999 -99999 -99999 -99999 -99999 -99999 -99999 -99999 -99999 -99999 -99999 -99999 -99999 -99999 -99999 -99999 -99999 -99999 415 490 494 443 510 340 -99999 -99999 -99999 -99999 -99999 -99999 -99999 -99999 -99999 -99999 -99999 -99999 -99999 -99999 -99999 211 549 477 591 593 578 419 375 392 536 767 748 635 297 349 724 773 962 975
-99999 -99999 -99999 -99999 -99999 -99999 -99999 -99999 -99999 -99999 -99999 -99999 -99999 -99999 -99999 -99999 -99999 -99999 -99999 -99999 -99999 -99999 -99999 -99999 -99999 -99999 -99999 -99999 -99999 -99999 -99999 -99999 -99999 -99999 -99999 -99999 -99999 -99999 -99999 -99999 -99999 -99999 -99999 -99999 -99999 -99999 -99999 -99999 -99999 -99999 -99999 -99999 -99999 -99999 -99999 -99999 -99999 -99999 -99999 -99999 -99999 -99999 528 715 732 731 713 608 460 408 568 759 231 239 327 372 674 731 1005 1034
-99999 -99999 -99999 -99999 -99999 -99999 -99999 -99999 -99999 -99999 -99999 -99999 -99999 -99999 -99999 -99999 -99999 -99999 -99999 -99999 -99999 -99999 -99999 -99999 -99999 -99999 -99999 -99999 -99999 -99999 -99999 -99999 -99999 -99999 -99999 -99999 -99999 -99999 -99999 -99999 -99999 -99999 -99999 -99999 -99999 -99999 -99999 -99999 -99999 -99999 -99999 -99999 -99999 -99999 -99999 -99999 -99999 -99999 -99999 -99999 -99999 -99999 -99999 794 327 346 362 807 342 552 625 601 226 430 569 672 613 700 622 729
-99999 -99999 -99999 -99999 -99999 -99999 -99999 -99999 -99999 -99999 -99999 -99999 -99999 -99999 -99999 -99999 -99999 -99999 -99999 -99999 -99999 -99999 -99999 -99999 -99999 -99999 -99999 -99999 -99999 -99999 -99999 -99999 -99999 -99999 -99999 -99999 -99999 -99999 -99999 -99999 -99999 -99999 -99999 -99999 -99999 -99999 -99999 -99999 -99999 -99999 -99999 -99999 -99999 -99999 -99999 -99999 -99999 -99999 -99999 -99999 -99999 -99999 -99999 -99999 398 423 502 569 343 1026 1174 824 470 355 470 631 809 610 394 429
-99999 -99999 -99999 -99999 -99999 -99999 -99999 -99999 -99999 -99999 -99999 -99999 -99999 -99999 -99999 -99999 -99999 -99999 -99999 -99999 -99999 -99999 -99999 -99999 -99999 -99999 -99999 -99999 -99999 -99999 -99999 -99999 -99999 -99999 -99999 -99999 -99999 -99999 -99999 -99999 -99999 -99999 -99999 -99999 -99999 -99999 -99999 -99999 -99999 -99999 -99999 -99999 -99999 -99999 -99999 -99999 -99999 -99999 -99999 -99999 -99999 -99999 -99999 -99999 -99999 435 450 503 692 1008 1315 1320 558 310 336 374 506 384 285 262
-99999 -99999 -99999 -99999 -99999 -99999 -99999 -99999 -99999 -99999 -99999 -99999 -99999 -99999 -99999 -99999 -99999 -99999 -99999 -99999 -99999 -99999 -99999 -99999 -99999 -99999 -99999 -99999 -99999 -99999 -99999 -99999 -99999 -99999 -99999 -99999 -99999 -99999 -99999 -99999 -99999 -99999 -99999 -99999 -99999 -99999 -99999 -99999 -99999 -99999 -99999 -99999 -99999 -99999 -99999 -99999 -99999 -99999 -99999 -99999 -99999 -99999 -99999 -99999 -99999 -99999 471 457 450 812 850 1162 645 355 373 382 442 430 300 270
-99999 -99999 -99999 -99999 -99999 -99999 -99999 -99999 -99999 -99999 -99999 -99999 -99999 -99999 -99999 -99999 -99999 -99999 -99999 -99999 -99999 -99999 -99999 -99999 -99999 -99999 -99999 -99999 -99999 -99999 -99999 -99999 -99999 -99999 -99999 -99999 -99999 -99999 -99999 -99999 -99999 -99999 -99999 -99999 -99999 -99999 -99999 -99999 -99999 -99999 -99999 -99999 -99999 -99999 -99999 -99999 -99999 -99999 -99999 -99999 -99999 -99999 -99999 -99999 -99999 -99999 -99999 405 394 681 684 628 1141 949 135 574 475 440 409 318
