assets/server-info/layers/temp_hotest.asc
NCOLS 494
NROWS 531
XLLCORNER -117
YLLCORNER -55.8333
CELLSIZE 0.166667
NODATA_VALUE -99999
[rows 128 to 159 of 531, columns 284 to 354 of 494]
2526.67 2530 2570 2643.33 2570 2490 2536.67 -99999 -99999 -99999 -99999 -99999 -99999 -99999 -99999 -99999 -99999 -99999 -99999 -99999 -99999 -99999 -99999 -99999 -99999 -99999 -99999 -99999 -99999 -99999 -99999 -99999 -99999 -99999 -99999 -99999 -99999 -99999 -99999 -99999 -99999 -99999 -99999 -99999 -99999 -99999 -99999 -99999 -99999 -99999 -99999 -99999 -99999 -99999 2330 -99999 -99999 -99999 -99999 -99999 -99999 -99999 -99999 -99999 -99999 -99999 -99999 -99999 -99999 -99999 -99999
2493.33 2663.33 2696.67 2550 2490 2456.67 2443.33 2560 -99999 -99999 -99999 -99999 -99999 -99999 -99999 -99999 -99999 -99999 -99999 -99999 -99999 -99999 -99999 -99999 -99999 -99999 -99999 -99999 -99999 -99999 -99999 -99999 -99999 -99999 2770 -99999 -99999 -99999 -99999 -99999 -99999 -99999 -99999 -99999 -99999 -99999 -99999 -99999 -99999 -99999 -99999 -99999 -99999 -99999 -99999 -99999 -99999 -99999 -99999 -99999 -99999 -99999 -99999 -99999 -99999 -99999 -99999 -99999 -99999 -99999 -99999
2486.67 2600 2413.33 2166.67 2320 2383.33 2396.67 2536.67 -99999 -99999 -99999 -99999 -99999 -99999 -99999 -99999 -99999 -99999 -99999 -99999 -99999 -99999 -99999 -99999 -99999 -99999 -99999 -99999 -99999 -99999 -99999 -99999 -99999 2843.33 2760 -99999 -99999 -99999 -99999 -99999 -99999 -99999 -99999 -99999 -99999 -99999 -99999 -99999 -99999 -99999 -99999 -99999 -99999 -99999 -99999 -99999 -99999 -99999 -99999 -99999 -99999 -99999 -99999 -99999 -99999 -99999 -99999 -99999 -99999 -99999 -99999
2366.67 2396.67 2270 2373.33 2530 2443.33 2450 2603.33 -99999 -99999 -99999 -99999 -99999 -99999 -99999 -99999 -99999 -99999 -99999 -99999 -99999 -99999 -99999 -99999 -99999 -99999 -99999 -99999 -99999 -99999 -99999 -99999 -99999 -99999 2820 -99999 -99999 -99999 -99999 -99999 -99999 -99999 -99999 -99999 -99999 -99999 -99999 -99999 -99999 2243.33 2260 2430 -99999 -99999 -99999 -99999 -99999 -99999 -99999 -99999 -99999 -99999 -99999 -99999 -99999 -99999 -99999 -99999 -99999 -99999 -99999
2456.67 2503.33 2703.33 2703.33 2580 2676.67 2686.67 2720 2746.67 -99999 -99999 -99999 -99999 -99999 -99999 -99999 1870 1770 1843.33 2196.67 2310 2686.67 -99999 -99999 -99999 -99999 -99999 -99999 -99999 -99999 -99999 -99999 2850 2776.67 2540 2573.33 2613.33 2263.33 2200 2260 2626.67 2416.67 2626.67 2616.67 2620 -99999 -99999 -99999 -99999 2603.33 2556.67 2580 -99999 -99999 -99999 -99999 -99999 -99999 -99999 -99999 -99999 -99999 -99999 -99999 -99999 -99999 -99999 -99999 -99999 -99999 -99999
2430 2346.67 2400 2263.33 2390 2223.33 2796.67 2526.67 2300 2380 2103.33 2160 2036.67 1820 1913.33 1906.67 2293.33 2223.33 2073.33 2283.33 2750 2853.33 -99999 -99999 -99999 -99999 -99999 -99999 -99999 -99999 -99999 -99999 -99999 2450 2296.67 2293.33 2266.67 2440 2416.67 2666.67 2730 -99999 -99999 -99999 -99999 -99999 -99999 -99999 -99999 2630 2546.67 2576.67 -99999 -99999 -99999 -99999 -99999 -99999 -99999 -99999 -99999 -99999 -99999 -99999 -99999 -99999 -99999 -99999 -99999 -99999 -99999
2256.67 2233.33 2273.33 2183.33 2236.67 2693.33 2316.67 2216.67 2303.33 2133.33 2186.67 2470 2473.33 2320 2080 2170 2276.67 2550 2563.33 2713.33 2853.33 2960 3023.33 -99999 -99999 -99999 -99999 -99999 -99999 -99999 -99999 2526.67 2160 2043.33 2230 2020 1926.67 1996.67 2390 2683.33 2730 2733.33 -99999 -99999 -99999 -99999 -99999 -99999 -99999 2630 2570 2603.33 -99999 -99999 -99999 -99999 -99999 -99999 -99999 -99999 -99999 -99999 -99999 -99999 -99999 -99999 -99999 -99999 -99999 -99999 -99999
2353.33 2346.67 2470 2430 2533.33 2530 2280 2313.33 2350 2466.67 2433.33 2356.67 2510 2390 2300 2173.33 2256.67 2380 2336.67 2370 2576.67 2613.33 2793.33 2560 2590 2640 2463.33 -99999 -99999 2600 2623.33 2270 1946.67 1790 1550 1813.33 2113.33 2133.33 2240 2723.33 2726.67 2710 -99999 -99999 -99999 -99999 -99999 -99999 -99999 -99999 2603.33 2540 -99999 -99999 -99999 -99999 -99999 -99999 -99999 -99999 -99999 -99999 -99999 -99999 -99999 -99999 -99999 -99999 -99999 -99999 -99999
2246.67 2160 2426.67 2503.33 2576.67 2256.67 2220 2260 2296.67 2196.67 2280 2300 2196.67 2580 2686.67 2593.33 2253.33 2366.67 2373.33 2333.33 2510 2723.33 2890 2690 2553.33 2580 2593.33 2586.67 2596.67 2526.67 2626.67 2483.33 2290 2203.33 2210 2533.33 2503.33 2623.33 2753.33 2800 2746.67 2753.33 2730 -99999 -99999 -99999 -99999 -99999 -99999 -99999 -99999 -99999 -99999 -99999 -99999 -99999 -99999 -99999 -99999 -99999 -99999 -99999 -99999 -99999 -99999 -99999 -99999 -99999 -99999 -99999 -99999
1950 2016.67 2390 2713.33 2616.67 2460 2583.33 2540 2453.33 2433.33 2400 2376.67 2530 2666.67 2796.67 2756.67 2646.67 2550 2653.33 2653.33 2706.67 2756.67 2883.33 2840 2753.33 2720 2673.33 2620 2650 2686.67 2693.33 2653.33 2626.67 2586.67 2576.67 2566.67 2653.33 2690 2660 2696.67 2693.33 2716.67 2703.33 2706.67 -99999 2680 2656.67 -99999 -99999 -99999 -99999 -99999 -99999 -99999 -99999 -99999 -99999 -99999 -99999 -99999 -99999 -99999 -99999 -99999 -99999 -99999 -99999 -99999 -99999 -99999 -99999
1926.67 2203.33 2650 2773.33 2783.33 2756.67 2723.33 2666.67 2626.67 2563.33 2566.67 2606.67 2720 2820 2856.67 2816.67 2833.33 2780 2773.33 2720 2666.67 2733.33 2783.33 2770 2743.33 2746.67 2720 2686.67 2703.33 2733.33 2823.33 2833.33 2666.67 2633.33 2646.67 2633.33 2653.33 2696.67 2680 2670 2680 2703.33 2686.67 2693.33 2690 2646.67 2643.33 2636.67 2633.33 -99999 -99999 -99999 -99999 -99999 -99999 -99999 -99999 -99999 -99999 -99999 -99999 -99999 -99999 -99999 -99999 -99999 -99999 -99999 -99999 -99999 -99999
2163.33 2540 2810 2826.67 2850 2816.67 2756.67 2730 2700 2706.67 2720 2743.33 2843.33 2850 2846.67 2840 2866.67 2856.67 2803.33 2780 2783.33 2806.67 2810 2796.67 2760 2733.33 2716.67 2740 2776.67 2823.33 2883.33 2843.33 2776.67 2766.67 2710 2696.67 2660 2680 2696.67 2680 2673.33 2660 2683.33 2693.33 2650 2640 2660 2643.33 2640 2633.33 2626.67 2626.67 2626.67 -99999 -99999 -99999 -99999 -99999 -99999 -99999 -99999 -99999 -99999 -99999 -99999 -99999 -99999 -99999 -99999 -99999 -99999
2716.67 2786.67 2850 2883.33 2906.67 2883.33 2806.67 2773.33 2750 2736.67 2760 2800 2853.33 2863.33 2853.33 2860 2866.67 2856.67 2830 2850 2820 2843.33 2846.67 2790 2770 2736.67 2726.67 2770 2790 2826.67 2856.67 2783.33 2753.33 2756.67 2726.67 2726.67 2703.33 2706.67 2710 2693.33 2683.33 2656.67 2680 2663.33 2656.67 2650 2680 2690 2646.67 2640 2636.67 2626.67 -99999 -99999 -99999 -99999 -99999 -99999 -99999 -99999 -99999 -99999 -99999 -99999 -99999 -99999 -99999 -99999 -99999 -99999 -99999
2880 2853.33 2873.33 2893.33 2896.67 2883.33 2846.67 2790 2810 2770 2816.67 2820 2866.67 2880 2856.67 2836.67 2836.67 2876.67 2833.33 2823.33 2830 2830 2816.67 2790 2770 2783.33 2776.67 2793.33 2820 2810 2820 2690 2726.67 2746.67 2746.67 2746.67 2750 2733.33 2723.33 2706.67 2690 2690 2653.33 2670 2660 2613.33 2673.33 2686.67 2696.67 2713.33 2666.67 2640 -99999 -99999 -99999 -99999 -99999 -99999 -99999 -99999 -99999 -99999 -99999 -99999 -99999 -99999 -99999 -99999 -99999 -99999 -99999
2856.67 2863.33 2883.33 2896.67 2923.33 2880 2893.33 2890 2860 2843.33 2856.67 2883.33 2896.67 2906.67 2873.33 2880 2883.33 2886.67 2883.33 2860 2846.67 2810 2796.67 2786.67 2806.67 2806.67 2760 2806.67 2830 2776.67 2726.67 2680 2710 2713.33 2776.67 2763.33 2736.67 2746.67 2730 2720 2706.67 2733.33 2740 2713.33 2680 2650 2683.33 2700 2703.33 2716.67 2726.67 2700 -99999 -99999 -99999 -99999 -99999 -99999 -99999 -99999 -99999 -99999 -99999 -99999 -99999 -99999 -99999 -99999 -99999 -99999 -99999
2856.67 2866.67 2893.33 2893.33 2916.67 2903.33 2903.33 2890 2843.33 2886.67 2890 2903.33 2873.33 2890 2896.67 2900 2903.33 2910 2910 2876.67 2876.67 2826.67 2793.33 2786.67 2783.33 2786.67 2826.67 2776.67 2826.67 2746.67 2726.67 2736.67 2760 2753.33 2776.67 2770 2780 2793.33 2763.33 2763.33 2746.67 2726.67 2723.33 2710 2713.33 2693.33 2686.67 2696.67 2706.67 2716.67 2706.67 2710 -99999 -99999 -99999 -99999 -99999 -99999 -99999 -99999 -99999 -99999 -99999 -99999 -99999 -99999 -99999 -99999 -99999 -99999 -99999
2883.33 2856.67 2896.67 2876.67 2876.67 2873.33 2893.33 2890 2886.67 2883.33 2910 2910 2910 2880 2893.33 2923.33 2893.33 2903.33 2913.33 2910 2873.33 2790 2786.67 2783.33 2783.33 2783.33 2776.67 2783.33 2790 2776.67 2783.33 2813.33 2810 2803.33 2826.67 2763.33 2780 2783.33 2770 2763.33 2760 2753.33 2736.67 2730 2720 2710 2670 2666.67 2670 2683.33 2716.67 2713.33 -99999 -99999 -99999 -99999 -99999 -99999 -99999 -99999 -99999 -99999 -99999 -99999 -99999 -99999 -99999 -99999 -99999 -99999 -99999
2880 2856.67 2856.67 2873.33 2870 2873.33 2863.33 2886.67 2883.33 2880 2903.33 2903.33 2910 2910 2906.67 2910 2886.67 2893.33 2896.67 2906.67 2870 2816.67 2786.67 2786.67 2780 2780 2803.33 2780 2786.67 2806.67 2813.33 2826.67 2800 2793.33 2800 2800 2780 2763.33 2770 2766.67 2723.33 2703.33 2720 2690 2683.33 2673.33 2530 2576.67 2686.67 2670 2693.33 2653.33 2700 2693.33 2650 2676.67 2673.33 2663.33 2633.33 -99999 -99999 -99999 -99999 -99999 -99999 -99999 -99999 -99999 -99999 -99999 -99999
2880 2853.33 2856.67 2890 2873.33 2863.33 2856.67 2880 2880 2873.33 2906.67 2896.67 2896.67 2896.67 2900 2903.33 2880 2883.33 2890 2883.33 2880 2843.33 2840 2810 2810 2810 2806.67 2810 2786.67 2816.67 2816.67 2816.67 2813.33 2800 2803.33 2806.67 2793.33 2790 2803.33 2776.67 2730 2726.67 2710 2650 2523.33 2503.33 2353.33 2563.33 2623.33 2636.67 2663.33 2620 2640 2633.33 2623.33 2646.67 2640 2633.33 2630 2633.33 2663.33 2676.67 -99999 -99999 -99999 -99999 -99999 -99999 -99999 -99999 -99999
2846.67 2853.33 2856.67 2886.67 2893.33 2893.33 2930 2880 2873.33 2873.33 2900 2890 2883.33 2876.67 2883.33 2886.67 2873.33 2880 2880 2876.67 2876.67 2843.33 2846.67 2846.67 2813.33 2813.33 2840 2810 2813.33 2813.33 2813.33 2813.33 2800 2790 2800 2803.33 2793.33 2793.33 2726.67 2743.33 2766.67 2706.67 2550 2586.67 2390 2373.33 2426.67 2596.67 2513.33 2610 2633.33 2623.33 2613.33 2603.33 2600 2620 2606.67 2600 2573.33 2603.33 2633.33 2676.67 2690 -99999 -99999 -99999 -99999 -99999 -99999 -99999 -99999
2860 2860 2876.67 2910 2890 2890 2860 2846.67 2873.33 2870 2866.67 2856.67 2850 2843.33 2816.67 2826.67 2836.67 2843.33 2850 2843.33 2843.33 2830 2850 2846.67 2836.67 2836.67 2840 2843.33 2843.33 2840 2840 2833.33 2833.33 2816.67 2776.67 2753.33 2736.67 2716.67 2686.67 2790 2756.67 2600 2570 2560 2506.67 2440 2520 2503.33 2463.33 2443.33 2566.67 2596.67 2623.33 2606.67 2600 2590 2586.67 2583.33 2553.33 2580 2583.33 2596.67 2670 2683.33 -99999 -99999 -99999 -99999 -99999 -99999 -99999
2860 2860 2863.33 2896.67 2900 2890 2856.67 2846.67 2873.33 2836.67 2833.33 2830 2823.33 2846.67 2853.33 2856.67 2833.33 2840 2833.33 2840 2843.33 2873.33 2846.67 2840 2813.33 2810 2843.33 2843.33 2836.67 2840 2806.67 2686.67 2773.33 2766.67 2756.67 2713.33 2620 2613.33 2573.33 2473.33 2676.67 2626.67 2540 2536.67 2510 2553.33 2556.67 2513.33 2263.33 2366.67 2516.67 2466.67 2596.67 2620 2610 2586.67 2570 2593.33 2560 2556.67 2563.33 2576.67 2646.67 2633.33 2706.67 -99999 -99999 -99999 -99999 -99999 -99999
2800 2853.33 2856.67 2843.33 2846.67 2860 2856.67 2856.67 2853.33 2843.33 2840 2863.33 2860 2823.33 2830 2826.67 2866.67 2840 2863.33 2836.67 2840 2840 2820 2820 2753.33 2800 2806.67 2836.67 2806.67 2780 2516.67 2313.33 2643.33 2773.33 2730 2666.67 2620 2526.67 2450 2456.67 2643.33 2623.33 2576.67 2620 2626.67 2613.33 2553.33 2516.67 2433.33 2363.33 2253.33 2356.67 2473.33 2550 2590 2563.33 2580 2573.33 2573.33 2573.33 2580 2533.33 2633.33 2613.33 2683.33 2723.33 -99999 -99999 -99999 -99999 -99999
2800 2820 2850 2836.67 2840 2846.67 2863.33 2860 2856.67 2880 2846.67 2836.67 2833.33 2863.33 2833.33 2840 2866.67 2873.33 2863.33 2780 2813.33 2783.33 2730 2703.33 2676.67 2716.67 2696.67 2780 2646.67 2520 2473.33 2440 2520 2730 2713.33 2720 2640 2436.67 2440 2456.67 2516.67 2606.67 2570 2610 2566.67 2570 2536.67 2520 2566.67 2556.67 2560 2556.67 2550 2526.67 2606.67 2563.33 2590 2583.33 2586.67 2583.33 2533.33 2543.33 2610 2616.67 2690 2733.33 2770 -99999 -99999 -99999 -99999
2796.67 2813.33 2833.33 2833.33 2820 2830 2870 2860 2890 2883.33 2876.67 2873.33 2870 2870 2870 2870 2843.33 2843.33 2840 2810 2520 2643.33 2726.67 2706.67 2650 2436.67 2456.67 2783.33 2646.67 2316.67 2323.33 2326.67 2386.67 2603.33 2646.67 2653.33 2663.33 2613.33 2516.67 2496.67 2536.67 2483.33 2596.67 2540 2523.33 2516.67 2456.67 2486.67 2616.67 2616.67 2646.67 2653.33 2626.67 2596.67 2623.33 2570 2596.67 2593.33 2596.67 2596.67 2543.33 2603.33 2613.33 2620 2686.67 2703.33 2770 -99999 -99999 -99999 -99999
2790 2796.67 2830 2833.33 2833.33 2833.33 2840 2870 2860 2886.67 2886.67 2880 2880 2880 2850 2883.33 2846.67 2823.33 2813.33 2646.67 2416.67 2376.67 2320 2650 2653.33 2436.67 2460 2646.67 2700 2376.67 2330 2336.67 2483.33 2526.67 2506.67 2623.33 2630 2636.67 2636.67 2570 2560 2520 2493.33 2463.33 2526.67 2470 2386.67 2496.67 2626.67 2593.33 2656.67 2656.67 2660 2636.67 2630 2603.33 2633.33 2636.67 2603.33 2606.67 2600 2553.33 2613.33 2616.67 2683.33 2720 2753.33 -99999 -99999 -99999 -99999
2793.33 2810 2826.67 2833.33 2840 2836.67 2843.33 2853.33 2853.33 2900 2896.67 2893.33 2890 2856.67 2890 2890 2796.67 2823.33 2793.33 2423.33 2326.67 2326.67 2423.33 2506.67 2533.33 2220 2460 2453.33 2706.67 2653.33 2383.33 2450 2466.67 2370 2556.67 2540 2570 2563.33 2593.33 2570 2523.33 2506.67 2530 2520 2580 2590 2570 2660 2676.67 2610 2643.33 2640 2670 2666.67 2656.67 2653.33 2640 2640 2610 2640 2606.67 2606.67 2613.33 2613.33 2683.33 2683.33 2736.67 -99999 -99999 -99999 -99999
2803.33 2806.67 2830 2833.33 2840 2843.33 2850 2856.67 2863.33 2863.33 2876.67 2870 2870 2896.67 2896.67 2896.67 2836.67 2830 2540 2240 2153.33 2273.33 2386.67 2426.67 2423.33 2220 2463.33 2423.33 2530 2756.67 2626.67 2450 2490 2493.33 2563.33 2500 2460 2566.67 2573.33 2543.33 2536.67 2553.33 2573.33 2566.67 2700 2776.67 2756.67 2803.33 2776.67 2756.67 2753.33 2753.33 2740 2733.33 2663.33 2630 2620 2613.33 2646.67 2640 2613.33 2610 2610 2590 2676.67 2670 2730 -99999 -99999 -99999 -99999
2806.67 2800 2833.33 2836.67 2873.33 2880 2886.67 2860 2870 2873.33 2876.67 2883.33 2883.33 2913.33 2906.67 2903.33 2670 2440 2436.67 2286.67 2160 2240 2243.33 2236.67 2236.67 2070 2423.33 2436.67 2553.33 2730 2556.67 2456.67 2500 2503.33 2506.67 2463.33 2486.67 2570 2570 2513.33 2476.67 2540 2573.33 2553.33 2663.33 2723.33 2686.67 2786.67 2816.67 2693.33 2793.33 2790 2566.67 2576.67 2526.67 2550 2600 2613.33 2643.33 2616.67 2616.67 2610 2610 2613.33 2670 2663.33 2723.33 2696.67 2720 2723.33 2673.33
2723.33 2770 2803.33 2843.33 2843.33 2860 2890 2866.67 2906.67 2913.33 2886.67 2886.67 2893.33 2923.33 2920 2823.33 2450 2446.67 2443.33 2253.33 2080 2246.67 2243.33 2160 2243.33 2073.33 1923.33 2256.67 2676.67 2733.33 2680 2586.67 2590 2563.33 2533.33 2523.33 2540 2506.67 2510 2536.67 2516.67 2543.33 2563.33 2570 2616.67 2583.33 2643.33 2760 2836.67 2633.33 2776.67 2646.67 2493.33 2363.33 2530 2520 2633.33 2630 2626.67 2623.33 2620 2610 2616.67 2586.67 2633.33 2720 2693.33 2663.33 2730 2703.33 2690
2720 2726.67 2753.33 2783.33 2823.33 2836.67 2840 2873.33 2883.33 2890 2896.67 2896.67 2936.67 2930 2843.33 2776.67 2636.67 2563.33 2406.67 2350 2086.67 2166.67 2110 2080 2076.67 2183.33 1763.33 1966.67 2493.33 2630 2710 2813.33 2680 2570 2563.33 2580 2536.67 2436.67 2530 2570 2563.33 2570 2423.33 2590 2623.33 2656.67 2676.67 2590 2750 2590 2693.33 2470 2306.67 2220 2586.67 2500 2596.67 2660 2630 2623.33 2620 2623.33 2616.67 2556.67 2663.33 2693.33 2663.33 2670 2706.67 2716.67 2696.67
2706.67 2726.67 2726.67 2770 2773.33 2803.33 2813.33 2823.33 2860 2870 2876.67 2880 2880 2910 2710 2840 2573.33 2273.33 2236.67 2180 2086.67 2086.67 1843.33 1840 1860 1943.33 1870 2020 2356.67 2530 2570 2563.33 2623.33 2603.33 2576.67 2596.67 2553.33 2553.33 2550 2590 2570 2533.33 2533.33 2626.67 2703.33 2686.67 2613.33 2350 2510 2386.67 2700 2343.33 2186.67 2156.67 2330 2270 2493.33 2593.33 2630 2596.67 2623.33 2623.33 2613.33 2613.33 2670 2666.67 2666.67 2673.33 2706.67 2690 2700
