assets/server-info/layers/temp_dryest.asc
NCOLS 494
NROWS 531
XLLCORNER -117
YLLCORNER -55.8333
CELLSIZE 0.166667
NODATA_VALUE -99999
[rows 224 to 255 of 531, columns 355 to 425 of 494]
2700 2700 2676.67 2676.67 2676.67 2676.67 2676.67 2703.33 2703.33 2706.67 2676.67 2696.67 2636.67 2636.67 2633.33 2633.33 2626.67 2620 2616.67 2640 2663.33 2656.67 2586.67 2580 2570 2556.67 2543.33 2533.33 2516.67 2500 2520 2476.67 2490 2450 2466.67 2463.33 2460 2430 2390 2350 2353.33 2303.33 2283.33 2323.33 2326.67 2443.33 2436.67 2480 2480 2523.33 2533.33 2500 2503.33 2503.33 2473.33 2400 2360 2360 2356.67 2326.67 2300 2326.67 2353.33 2300 2426.67 2460 2440 2473.33 2360 2336.67 2470
2700 2693.33 2663.33 2666.67 2666.67 2666.67 2666.67 2700 2666.67 2696.67 2670 2690 2633.33 2633.33 2626.67 2623.33 2623.33 2586.67 2610 2666.67 2630 2596.67 2586.67 2553.33 2540 2553.33 2516.67 2503.33 2490 2510 2470 2453.33 2473.33 2426.67 2450 2450 2423.33 2390 2366.67 2333.33 2326.67 2306.67 2323.33 2356.67 2420 2483.33 2443.33 2476.67 2516.67 2546.67 2550 2533.33 2503.33 2503.33 2500 2416.67 2383.33 2300 2296.67 2296.67 2290 2290 2350 2300 2390 2456.67 2410 2423.33 2350 2406.67 2450
2653.33 2660 2656.67 2656.67 2660 2660 2660 2666.67 2663.33 2660 2636.67 2683.33 2650 2623.33 2623.33 2590 2586.67 2616.67 2610 2633.33 2630 2566.67 2526.67 2516.67 2510 2500 2463.33 2450 2473.33 2490 2476.67 2436.67 2416.67 2413.33 2406.67 2406.67 2376.67 2373.33 2320 2326.67 2313.33 2323.33 2330 2333.33 2370 2416.67 2450 2483.33 2490 2523.33 2553.33 2523.33 2506.67 2503.33 2460 2456.67 2500 2433.33 2400 2286.67 2286.67 2256.67 2310 2290 2300 2373.33 2413.33 2346.67 2356.67 2416.67 2443.33
2613.33 2610 2613.33 2646.67 2650 2650 2653.33 2650 2656.67 2656.67 2660 2636.67 2606.67 2620 2616.67 2590 2583.33 2610 2603.33 2603.33 2623.33 2560 2530 2520 2503.33 2473.33 2436.67 2453.33 2476.67 2493.33 2486.67 2443.33 2393.33 2340 2363.33 2333.33 2386.67 2356.67 2333.33 2343.33 2323.33 2333.33 2333.33 2373.33 2386.67 2423.33 2460 2490 2496.67 2530 2560 2560 2526.67 2526.67 2513.33 2510 2506.67 2490 2460 2450 2413.33 2270 2273.33 2286.67 2296.67 2370 2393.33 2356.67 2370 2380 2520
2606.67 2610 2610 2643.33 2643.33 2646.67 2646.67 2620 2623.33 2650 2626.67 2626.67 2626.67 2596.67 2610 2580 2580 2603.33 2603.33 2600 2623.33 2590 2523.33 2520 2510 2443.33 2413.33 2456.67 2450 2500 2486.67 2446.67 2403.33 2323.33 2320 2340 2336.67 2310 2346.67 2353.33 2333.33 2340 2343.33 2363.33 2423.33 2430 2466.67 2500 2503.33 2500 2500 2560 2530 2526.67 2516.67 2510 2506.67 2490 2423.33 2416.67 2436.67 2406.67 2370 2273.33 2293.33 2370 2343.33 2366.67 2390 2513.33 2570
2596.67 2600 2596.67 2596.67 2593.33 2636.67 2606.67 2610 2583.33 2616.67 2623.33 2596.67 2620 2593.33 2563.33 2533.33 2576.67 2603.33 2600 2596.67 2620 2586.67 2550 2516.67 2483.33 2420 2410 2486.67 2456.67 2476.67 2496.67 2473.33 2413.33 2333.33 2330 2353.33 2330 2323.33 2356.67 2333.33 2343.33 2353.33 2340 2396.67 2430 2466.67 2496.67 2500 2503.33 2536.67 2566.67 2543.33 2500 2496.67 2433.33 2453.33 2480 2496.67 2483.33 2356.67 2353.33 2370 2433.33 2356.67 2290 2370 2346.67 2383.33 2483.33 2593.33 2563.33
2586.67 2586.67 2586.67 2586.67 2586.67 2590 2560 2533.33 2573.33 2603.33 2616.67 2586.67 2616.67 2583.33 2556.67 2530 2523.33 2596.67 2593.33 2590 2590 2583.33 2546.67 2516.67 2426.67 2420 2416.67 2390 2436.67 2463.33 2483.33 2480 2423.33 2336.67 2340 2356.67 2326.67 2336.67 2373.33 2343.33 2356.67 2316.67 2373.33 2406.67 2436.67 2476.67 2476.67 2513.33 2510 2510 2510 2513.33 2476.67 2473.33 2410 2400 2480 2496.67 2430 2390 2273.33 2353.33 2436.67 2356.67 2293.33 2320 2350 2440 2500 2573.33 2553.33
2576.67 2576.67 2576.67 2553.33 2553.33 2576.67 2553.33 2556.67 2530 2563.33 2576.67 2580 2610 2586.67 2556.67 2523.33 2520 2550 2590 2590 2586.67 2550 2550 2513.33 2426.67 2423.33 2416.67 2393.33 2423.33 2466.67 2463.33 2486.67 2453.33 2340 2343.33 2370 2343.33 2346.67 2376.67 2316.67 2346.67 2326.67 2403.33 2473.33 2446.67 2480 2513.33 2490 2520 2520 2520 2520 2423.33 2450 2383.33 2403.33 2486.67 2506.67 2406.67 2363.33 2276.67 2326.67 2440 2390 2350 2320 2346.67 2436.67 2416.67 2463.33 2493.33
2570 2603.33 2573.33 2510 2516.67 2543.33 2543.33 2546.67 2523.33 2556.67 2543.33 2550 2573.33 2550 2523.33 2523.33 2523.33 2520 2490 2560 2553.33 2546.67 2550 2486.67 2426.67 2396.67 2380 2400 2393.33 2440 2466.67 2493.33 2490 2430 2330 2320 2300 2266.67 2270 2246.67 2303.33 2360 2420 2420 2400 2380 2383.33 2493.33 2466.67 2446.67 2496.67 2490 2373.33 2393.33 2363.33 2443.33 2493.33 2480 2410 2343.33 2276.67 2373.33 2430 2376.67 2370 2370 2343.33 2370 2403.33 2446.67 2420
2593.33 2560 2560 2503.33 2506.67 2510 2506.67 2513.33 2513.33 2520 2543.33 2543.33 2573.33 2543.33 2520 2516.67 2516.67 2516.67 2483.33 2483.33 2553.33 2550 2546.67 2490 2426.67 2383.33 2383.33 2403.33 2396.67 2393.33 2466.67 2470 2490 2380 2376.67 2290 2273.33 2276.67 2280 2283.33 2293.33 2396.67 2396.67 2406.67 2406.67 2390 2413.33 2473.33 2420 2340 2443.33 2443.33 2350 2350 2373.33 2450 2500 2430 2390 2316.67 2276.67 2333.33 2410 2366.67 2363.33 2363.33 2336.67 2340 2386.67 2420 2430
2553.33 2523.33 2553.33 2500 2473.33 2473.33 2496.67 2500 2480 2513.33 2470 2543.33 2570 2566.67 2543.33 2516.67 2516.67 2513.33 2486.67 2486.67 2550 2550 2543.33 2516.67 2370 2383.33 2383.33 2403.33 2403.33 2393.33 2393.33 2476.67 2496.67 2493.33 2406.67 2326.67 2276.67 2306.67 2310 2320 2320 2376.67 2376.67 2386.67 2416.67 2393.33 2420 2450 2346.67 2350 2420 2363.33 2363.33 2353.33 2440 2490 2453.33 2443.33 2373.33 2303.33 2280 2340 2416.67 2346.67 2370 2266.67 2220 2286.67 2303.33 2243.33 2320
2516.67 2516.67 2516.67 2516.67 2466.67 2443.33 2496.67 2470 2443.33 2473.33 2470 2503.33 2540 2566.67 2540 2510 2510 2513.33 2483.33 2476.67 2480 2546.67 2550 2536.67 2423.33 2343.33 2383.33 2410 2403.33 2396.67 2403.33 2373.33 2396.67 2500 2463.33 2383.33 2333.33 2366.67 2370 2346.67 2380 2383.33 2386.67 2390 2420 2400 2430 2403.33 2350 2370 2370 2370 2450 2390 2503.33 2496.67 2413.33 2403.33 2396.67 2333.33 2313.33 2403.33 2453.33 2376.67 2316.67 2216.67 2126.67 2290 2296.67 2236.67 2303.33
2483.33 2483.33 2483.33 2483.33 2403.33 2406.67 2463.33 2436.67 2413.33 2416.67 2463.33 2470 2500 2536.67 2533.33 2510 2506.67 2506.67 2480 2446.67 2446.67 2476.67 2486.67 2483.33 2376.67 2340 2340 2366.67 2370 2403.33 2376.67 2373.33 2433.33 2386.67 2443.33 2423.33 2393.33 2373.33 2376.67 2383.33 2383.33 2393.33 2390 2396.67 2403.33 2406.67 2380 2353.33 2356.67 2376.67 2380 2376.67 2486.67 2513.33 2513.33 2486.67 2426.67 2403.33 2373.33 2370 2420 2500 2493.33 2436.67 2283.33 2243.33 2203.33 2250 2300 2280 2303.33
2506.67 2480 2450 2423.33 2346.67 2376.67 2433.33 2406.67 2356.67 2360 2436.67 2440 2440 2506.67 2503.33 2506.67 2510 2506.67 2480 2450 2446.67 2443.33 2373.33 2490 2426.67 2343.33 2340 2370 2370 2366.67 2340 2406.67 2440 2410 2470 2370 2396.67 2380 2383.33 2413.33 2393.33 2393.33 2400 2403.33 2350 2356.67 2360 2360 2363.33 2383.33 2406.67 2493.33 2490 2436.67 2440 2440 2446.67 2453.33 2406.67 2416.67 2426.67 2580 2580 2513.33 2416.67 2403.33 2393.33 2333.33 2313.33 2283.33 2303.33
2503.33 2413.33 2413.33 2343.33 2316.67 2373.33 2370 2380 2356.67 2356.67 2413.33 2356.67 2356.67 2410 2446.67 2423.33 2446.67 2446.67 2423.33 2393.33 2390 2373.33 2376.67 2376.67 2450 2426.67 2373.33 2373.33 2386.67 2386.67 2360 2413.33 2473.33 2416.67 2476.67 2423.33 2450 2466.67 2386.67 2393.33 2393.33 2373.33 2383.33 2326.67 2330 2330 2360 2370 2383.33 2383.33 2383.33 2526.67 2470 2416.67 2423.33 2426.67 2410 2443.33 2436.67 2490 2600 2650 2626.67 2580 2470 2466.67 2423.33 2406.67 2396.67 2386.67 2383.33
2503.33 2413.33 2333.33 2263.33 2263.33 2346.67 2323.33 2350 2353.33 2356.67 2413.33 2333.33 2353.33 2410 2443.33 2393.33 2423.33 2446.67 2420 2396.67 2393.33 2376.67 2376.67 2376.67 2376.67 2473.33 2423.33 2420 2393.33 2390 2393.33 2486.67 2430 2426.67 2430 2403.33 2486.67 2460 2446.67 2396.67 2403.33 2403.33 2356.67 2336.67 2336.67 2340 2383.33 2386.67 2413.33 2413.33 2443.33 2530 2473.33 2393.33 2430 2433.33 2443.33 2463.33 2456.67 2543.33 2630 2686.67 2656.67 2536.67 2523.33 2466.67 2413.33 2396.67 2406.67 2396.67 2416.67
2503.33 2480 2413.33 2213.33 2243.33 2220 2323.33 2320 2303.33 2353.33 2390 2330 2353.33 2356.67 2410 2393.33 2393.33 2450 2420 2396.67 2380 2380 2380 2423.33 2426.67 2480 2430 2426.67 2400 2400 2426.67 2490 2440 2410 2443.33 2463.33 2436.67 2443.33 2393.33 2443.33 2403.33 2356.67 2356.67 2336.67 2360 2363.33 2360 2390 2393.33 2393.33 2530 2530 2473.33 2393.33 2430 2440 2456.67 2443.33 2473.33 2550 2636.67 2690 2656.67 2616.67 2566.67 2536.67 2426.67 2383.33 2416.67 2406.67 2480
2476.67 2473.33 2413.33 2263.33 2220 2220 2246.67 2270 2273.33 2353.33 2356.67 2330 2353.33 2350 2410 2393.33 2393.33 2393.33 2423.33 2460 2423.33 2426.67 2396.67 2426.67 2396.67 2430 2506.67 2430 2406.67 2430 2420 2473.33 2476.67 2446.67 2476.67 2473.33 2443.33 2446.67 2353.33 2450 2390 2400 2356.67 2360 2363.33 2366.67 2363.33 2386.67 2390 2443.33 2533.33 2533.33 2476.67 2453.33 2430 2440 2453.33 2470 2466.67 2573.33 2620 2643.33 2650 2610 2590 2543.33 2456.67 2386.67 2453.33 2463.33 2486.67
2503.33 2480 2480 2393.33 2216.67 2200 2196.67 2246.67 2250 2326.67 2356.67 2326.67 2326.67 2326.67 2356.67 2390 2393.33 2403.33 2433.33 2420 2476.67 2426.67 2396.67 2430 2403.33 2433.33 2520 2436.67 2410 2440 2496.67 2473.33 2483.33 2486.67 2540 2513.33 2390 2490 2300 2400 2453.33 2426.67 2396.67 2393.33 2366.67 2363.33 2366.67 2393.33 2420 2473.33 2503.33 2533.33 2503.33 2480 2426.67 2436.67 2453.33 2493.33 2490 2593.33 2606.67 2593.33 2600 2593.33 2573.33 2533.33 2490 2440 2373.33 2440 2430
2503.33 2423.33 2450 2396.67 2313.33 2220 2203.33 2220 2250 2276.67 2303.33 2326.67 2326.67 2323.33 2323.33 2383.33 2363.33 2403.33 2376.67 2420 2450 2396.67 2400 2433.33 2410 2440 2520 2440 2416.67 2503.33 2533.33 2453.33 2490 2486.67 2490 2493.33 2443.33 2493.33 2430 2486.67 2430 2426.67 2396.67 2393.33 2386.67 2366.67 2343.33 2393.33 2420 2473.33 2443.33 2533.33 2533.33 2533.33 2426.67 2410 2446.67 2490 2536.67 2580 2566.67 2550 2420 2573.33 2566.67 2496.67 2486.67 2476.67 2303.33 2413.33 2406.67
2503.33 2476.67 2393.33 2366.67 2343.33 2313.33 2220 2200 2200 2206.67 2230 2230 2253.33 2300 2326.67 2360 2343.33 2376.67 2326.67 2376.67 2383.33 2433.33 2383.33 2436.67 2440 2470 2530 2476.67 2453.33 2540 2513.33 2463.33 2493.33 2496.67 2520 2500 2496.67 2433.33 2463.33 2463.33 2433.33 2350 2326.67 2296.67 2336.67 2333.33 2306.67 2320 2390 2473.33 2500 2530 2533.33 2476.67 2450 2433.33 2496.67 2540 2553.33 2540 2493.33 2426.67 2480 2503.33 2473.33 2463.33 2406.67 2396.67 2303.33 2363.33 2310
2506.67 2476.67 2393.33 2340 2346.67 2266.67 2243.33 2200 2200 2183.33 2186.67 2223.33 2246.67 2280 2276.67 2280 2283.33 2376.67 2330 2336.67 2356.67 2360 2363.33 2443.33 2470 2453.33 2453.33 2403.33 2463.33 2546.67 2550 2466.67 2476.67 2450 2526.67 2503.33 2440 2436.67 2470 2463.33 2406.67 2350 2306.67 2343.33 2366.67 2363.33 2356.67 2453.33 2450 2470 2526.67 2526.67 2533.33 2476.67 2396.67 2406.67 2496.67 2533.33 2546.67 2526.67 2483.33 2413.33 2416.67 2476.67 2486.67 2400 2323.33 2316.67 2306.67 2363.33 2263.33
2503.33 2473.33 2420 2363.33 2310 2270 2220 2200 2203.33 2183.33 2190 2226.67 2230 2216.67 2213.33 2233.33 2250 2353.33 2310 2343.33 2316.67 2340 2370 2420 2423.33 2456.67 2463.33 2410 2413.33 2416.67 2496.67 2420 2486.67 2460 2540 2446.67 2446.67 2443.33 2473.33 2386.67 2386.67 2356.67 2306.67 2373.33 2420 2440 2433.33 2456.67 2396.67 2393.33 2553.33 2530 2533.33 2393.33 2323.33 2400 2490 2533.33 2540 2496.67 2473.33 2476.67 2400 2470 2466.67 2363.33 2336.67 2333.33 2326.67 2373.33 2273.33
2500 2470 2420 2363.33 2340 2350 2270 2273.33 2256.67 2213.33 2213.33 2220 2230 2210 2210 2226.67 2230 2280 2236.67 2260 2286.67 2266.67 2320 2406.67 2406.67 2406.67 2466.67 2416.67 2416.67 2416.67 2503.33 2506.67 2600 2453.33 2380 2380 2376.67 2426.67 2450 2396.67 2316.67 2316.67 2306.67 2400 2446.67 2366.67 2333.33 2326.67 2430 2480 2560 2533.33 2530 2393.33 2326.67 2326.67 2490 2530 2536.67 2486.67 2466.67 2446.67 2393.33 2406.67 2456.67 2333.33 2330 2346.67 2396.67 2370 2273.33
2500 2473.33 2476.67 2416.67 2390 2370 2353.33 2330 2283.33 2233.33 2260 2243.33 2256.67 2206.67 2203.33 2226.67 2230 2236.67 2236.67 2240 2293.33 2273.33 2330 2336.67 2333.33 2366.67 2473.33 2423.33 2373.33 2356.67 2430 2490 2540 2540 2386.67 2386.67 2293.33 2336.67 2426.67 2400 2326.67 2270 2336.67 2430 2450 2476.67 2493.33 2490 2486.67 2540 2540 2506.67 2506.67 2460 2326.67 2326.67 2493.33 2530 2533.33 2506.67 2433.33 2406.67 2396.67 2396.67 2376.67 2263.33 2303.33 2326.67 2306.67 2266.67 2283.33
2443.33 2443.33 2473.33 2450 2450 2406.67 2376.67 2383.33 2333.33 2306.67 2263.33 2266.67 2243.33 2223.33 2206.67 2226.67 2230 2236.67 2240 2243.33 2273.33 2276.67 2306.67 2336.67 2343.33 2450 2480 2430 2356.67 2356.67 2436.67 2443.33 2440 2543.33 2546.67 2413.33 2343.33 2316.67 2433.33 2456.67 2326.67 2276.67 2366.67 2406.67 2456.67 2506.67 2496.67 2526.67 2576.67 2576.67 2576.67 2543.33 2460 2410 2443.33 2423.33 2490 2530 2530 2503.33 2376.67 2403.33 2450 2396.67 2303.33 2203.33 2283.33 2193.33 2226.67 2286.67 2350
2353.33 2356.67 2440 2440 2440 2383.33 2370 2340 2313.33 2313.33 2260 2240 2196.67 2196.67 2200 2176.67 2210 2216.67 2220 2246.67 2256.67 2306.67 2310 2343.33 2420 2426.67 2430 2406.67 2340 2390 2396.67 2400 2450 2476.67 2556.67 2503.33 2423.33 2353.33 2393.33 2386.67 2380 2376.67 2423.33 2446.67 2490 2543.33 2536.67 2563.33 2556.67 2526.67 2550 2526.67 2473.33 2420 2420 2480 2546.67 2516.67 2516.67 2496.67 2363.33 2443.33 2456.67 2430 2283.33 2196.67 2253.33 2203.33 2283.33 2280 2320
2296.67 2326.67 2403.33 2376.67 2433.33 2386.67 2360 2340 2340 2310 2283.33 2263.33 2223.33 2220 2196.67 2176.67 2183.33 2186.67 2190 2250 2280 2363.33 2346.67 2373.33 2430 2433.33 2433.33 2416.67 2346.67 2323.33 2330 2390 2466.67 2470 2550 2500 2496.67 2363.33 2323.33 2336.67 2360 2350 2450 2500 2520 2550 2576.67 2570 2563.33 2533.33 2563.33 2533.33 2480 2456.67 2426.67 2516.67 2513.33 2520 2490 2490 2463.33 2436.67 2436.67 2426.67 2300 2293.33 2200 2200 2300 2343.33 2470
2286.67 2316.67 2340 2313.33 2366.67 2356.67 2390 2356.67 2306.67 2280 2256.67 2266.67 2266.67 2220 2220 2200 2180 2186.67 2190 2220 2310 2370 2350 2376.67 2383.33 2443.33 2420 2420 2333.33 2310 2393.33 2496.67 2503.33 2503.33 2553.33 2476.67 2423.33 2400 2326.67 2326.67 2296.67 2336.67 2426.67 2473.33 2526.67 2550 2573.33 2566.67 2566.67 2533.33 2530 2506.67 2476.67 2420 2423.33 2510 2520 2520 2486.67 2486.67 2460 2433.33 2406.67 2370 2406.67 2306.67 2200 2190 2323.33 2316.67 2433.33
2286.67 2283.33 2280 2276.67 2290 2260 2353.33 2353.33 2356.67 2356.67 2326.67 2336.67 2286.67 2216.67 2170 2193.33 2200 2203.33 2186.67 2220 2246.67 2370 2350 2380 2366.67 2393.33 2423.33 2430 2356.67 2403.33 2460 2520 2536.67 2563.33 2566.67 2480 2506.67 2480 2400 2330 2400 2443.33 2463.33 2480 2530 2553.33 2576.67 2580 2573.33 2543.33 2536.67 2506.67 2480 2400 2426.67 2510 2536.67 2513.33 2463.33 2486.67 2356.67 2436.67 2436.67 2386.67 2383.33 2303.33 2310 2220 2320 2336.67 2426.67
2273.33 2246.67 2243.33 2250 2250 2226.67 2230 2270 2270 2270 2353.33 2336.67 2343.33 2293.33 2216.67 2220 2220 2226.67 2186.67 2176.67 2226.67 2253.33 2353.33 2383.33 2370 2393.33 2430 2430 2413.33 2433.33 2516.67 2523.33 2540 2540 2540 2513.33 2486.67 2436.67 2410 2360 2480 2503.33 2500 2490 2570 2593.33 2586.67 2580 2580 2543.33 2543.33 2483.33 2430 2360 2513.33 2513.33 2540 2510 2430 2513.33 2356.67 2356.67 2356.67 2406.67 2430 2333.33 2180 2176.67 2296.67 2306.67 2326.67
2240 2240 2220 2243.33 2223.33 2200 2223.33 2260 2260 2233.33 2316.67 2280 2333.33 2343.33 2320 2170 2270 2203.33 2183.33 2196.67 2200 2233.33 2310 2390 2373.33 2406.67 2433.33 2433.33 2470 2520 2520 2500 2496.67 2550 2496.67 2496.67 2496.67 2446.67 2400 2396.67 2513.33 2486.67 2510 2530 2580 2600 2586.67 2586.67 2583.33 2550 2520 2486.67 2433.33 2356.67 2513.33 2510 2540 2513.33 2383.33 2513.33 2460 2430 2353.33 2430 2433.33 2403.33 2326.67 2173.33 2293.33 2310 2300
