assets/server-info/layers/temp_avg.asc
NCOLS 494
NROWS 531
XLLCORNER -117
YLLCORNER -55.8333
CELLSIZE 0.166667
NODATA_VALUE -99999
[rows 155 to 185 of 531, columns 345 to 413 of 494]
2530.96 2528.49 2509.29 2594.3 2590.96 2651.78 -99999 -99999 -99999 -99999 -99999 -99999 -99999 -99999 -99999 -99999 -99999 -99999 -99999 -99999 -99999 -99999 -99999 -99999 -99999 -99999 -99999 -99999 -99999 -99999 -99999 -99999 -99999 -99999 -99999 -99999 -99999 -99999 -99999 -99999 -99999 -99999 -99999 -99999 -99999 -99999 -99999 -99999 -99999 -99999 -99999 -99999 -99999 -99999 -99999 -99999 -99999 -99999 -99999 -99999 -99999 -99999 -99999 -99999 -99999 -99999 -99999 -99999 -99999
2529.26 2527.64 2528.49 2580.16 2573.62 2631.01 2617.62 2654.16 2660.9 2611.78 -99999 -99999 -99999 -99999 -99999 -99999 -99999 -99999 -99999 -99999 -99999 -99999 -99999 -99999 -99999 -99999 -99999 -99999 -99999 -99999 -99999 -99999 -99999 -99999 -99999 -99999 -99999 -99999 -99999 -99999 -99999 -99999 -99999 -99999 -99999 -99999 -99999 -99999 -99999 -99999 -99999 -99999 -99999 -99999 -99999 -99999 -99999 -99999 -99999 -99999 -99999 -99999 -99999 -99999 -99999 -99999 -99999 -99999 -99999
2528.49 2530.08 2497.64 2543.51 2624.36 2591.89 2576.82 2651.78 2635.95 2624.38 2666.08 -99999 -99999 -99999 -99999 -99999 -99999 -99999 -99999 -99999 -99999 -99999 -99999 -99999 -99999 -99999 -99999 -99999 -99999 -99999 -99999 -99999 -99999 -99999 -99999 -99999 -99999 -99999 -99999 -99999 -99999 -99999 -99999 -99999 -99999 -99999 -99999 -99999 -99999 -99999 -99999 -99999 -99999 -99999 -99999 -99999 -99999 -99999 -99999 -99999 -99999 -99999 -99999 -99999 -99999 -99999 -99999 -99999 -99999
2535.1 2530.14 2466.88 2573.53 2596.93 2568.55 2578.55 2624.38 2642.66 2628.58 2641.1 2708.6 2703.64 -99999 -99999 -99999 -99999 -99999 -99999 -99999 -99999 -99999 -99999 -99999 -99999 -99999 -99999 -99999 -99999 -99999 -99999 -99999 -99999 -99999 -99999 -99999 -99999 -99999 -99999 -99999 -99999 -99999 -99999 -99999 -99999 -99999 -99999 -99999 -99999 -99999 -99999 -99999 -99999 -99999 -99999 -99999 -99999 -99999 -99999 -99999 -99999 -99999 -99999 -99999 -99999 -99999 -99999 -99999 -99999
2536.03 2530.16 2525.21 2578.47 2576.03 2576.82 2586.05 2630.19 2614.33 2629.4 2639.42 2701.97 2703.64 2703.59 -99999 -99999 -99999 -99999 -99999 -99999 -99999 -99999 -99999 -99999 -99999 -99999 -99999 -99999 -99999 -99999 -99999 -99999 -99999 -99999 -99999 -99999 -99999 -99999 -99999 -99999 -99999 -99999 -99999 -99999 -99999 -99999 -99999 -99999 -99999 -99999 -99999 -99999 -99999 -99999 -99999 -99999 -99999 -99999 -99999 -99999 -99999 -99999 -99999 -99999 -99999 -99999 -99999 -99999 -99999
2508.49 2532.68 2529.4 2470.19 2525.21 2525.21 2534.3 2574.33 2557.73 2686.03 2693.59 2697.73 2701.07 2619.42 2681.1 2686.88 2682.79 2676.03 -99999 -99999 -99999 -99999 2687.04 2645.42 2637.92 -99999 2569.62 2632.99 2633.81 -99999 -99999 -99999 -99999 -99999 -99999 -99999 -99999 -99999 -99999 -99999 -99999 -99999 -99999 -99999 -99999 -99999 -99999 -99999 -99999 -99999 -99999 -99999 -99999 -99999 -99999 -99999 -99999 -99999 -99999 -99999 -99999 -99999 -99999 -99999 -99999 -99999 -99999 -99999 -99999
2508.49 2591.84 2505.97 2472.68 2531.01 2531.86 2539.37 2548.52 2558.58 2685.18 2691.07 2696.93 2700.22 2616.9 2680.25 2652.77 2649.42 2651.01 2646.99 2642.85 2660.36 2677.04 2634.6 2590.47 2609.7 2599.62 2596.27 2632.99 2544.58 2537.92 2557.01 2615.34 2615.37 -99999 -99999 -99999 -99999 -99999 -99999 -99999 -99999 -99999 -99999 -99999 -99999 -99999 -99999 -99999 -99999 -99999 -99999 -99999 -99999 -99999 -99999 -99999 -99999 -99999 -99999 -99999 -99999 -99999 -99999 -99999 -99999 -99999 -99999 -99999 -99999
2510.16 2593.42 2533.51 2533.45 2536 2455.18 2491.04 2554.33 2560.22 2683.48 2687.7 2694.41 2698.63 2611.92 2645.23 2647.75 2653.53 2621.89 2650.27 2642 2634.52 2678.71 2607.95 2593.75 2581.29 2633.81 2632.99 2633.81 2573.78 2507.1 2526.19 2585.34 2615.29 2585.37 2494.52 2523.64 -99999 -99999 -99999 -99999 -99999 -99999 -99999 -99999 -99999 -99999 -99999 -99999 -99999 -99999 -99999 -99999 -99999 -99999 -99999 -99999 -99999 -99999 -99999 -99999 -99999 -99999 -99999 -99999 -99999 -99999 -99999 -99999 -99999
2495.89 2598.49 2538.49 2536.82 2510.19 2487.73 2545.12 2553.51 2559.37 2683.53 2686.85 2691.07 2705.23 2591.04 2621.89 2624.38 2624.41 2624.38 2622.77 2619.51 2608.66 2687.04 2613.7 2631.23 2616.27 2642.11 2637.97 2637.97 2604.63 2507.1 2496.16 2524.47 2614.52 2496.99 2494.52 2466.11 2491.92 2576.85 -99999 -99999 -99999 -99999 -99999 -99999 -99999 -99999 -99999 -99999 -99999 -99999 -99999 -99999 -99999 -99999 -99999 -99999 -99999 -99999 -99999 -99999 -99999 -99999 -99999 -99999 -99999 -99999 -99999 -99999 -99999
2313.4 2415.92 2530.11 2538.49 2514.38 2516.93 2549.32 2582.71 2589.4 2682.74 2686.85 2703.56 2707.75 2594.41 2595.26 2627.78 2629.45 2631.1 2631.95 2623.64 2615.37 2635.37 2625.34 2612.08 2597.12 2529.53 2584.58 2524.55 2520.44 2508.68 2496.16 2495.34 2497.01 2468.66 2466.96 2465.26 2488.58 2516.03 2567.73 2538.47 -99999 -99999 -99999 -99999 -99999 -99999 -99999 -99999 -99999 -99999 -99999 -99999 -99999 -99999 -99999 -99999 -99999 -99999 -99999 -99999 -99999 -99999 -99999 -99999 -99999 -99999 -99999 -99999 -99999
2326.68 2224.22 2509.29 2563.45 2545.18 2548.49 2551.84 2582.71 2586.9 2698.52 2700.19 2706.9 2711.07 2597.78 2599.53 2631.95 2637.01 2639.51 2636.14 2634.52 2630.44 2590.41 2638.71 2619.64 2607.97 2542.11 2564.52 2527.89 2522.85 2509.51 2494.49 2494.52 2495.37 2466.11 2465.26 2461.1 2460.22 2479.29 2539.32 2477.64 2481.73 2575.15 -99999 -99999 -99999 -99999 -99999 -99999 -99999 -99999 -99999 -99999 -99999 -99999 -99999 -99999 -99999 -99999 -99999 -99999 -99999 -99999 -99999 -99999 -99999 -99999 -99999 -99999 -99999
2240.08 2341.75 2337.56 2490.93 2515.1 2549.4 2522.71 2554.38 2576.9 2581.89 2588.6 2595.23 2598.6 2603.56 2606.14 2610.27 2612.79 2622.79 2620.3 2619.48 2587.04 2583.7 2562.93 2520.41 2535.37 2555.48 2544.55 2507.04 2462.03 2456.19 2448.68 2436.14 2433.67 2490.3 2459.37 2487.81 2481.84 2478.52 2475.92 2476.05 2476.03 2533.4 2552.66 -99999 -99999 -99999 -99999 -99999 -99999 -99999 -99999 -99999 -99999 -99999 -99999 -99999 -99999 -99999 -99999 -99999 -99999 -99999 -99999 -99999 -99999 -99999 -99999 -99999 -99999
2259.1 2355.07 2553.45 2585.07 2582.58 2590.14 2525.92 2585.1 2580.99 2590.19 2592.74 2600.27 2550.27 2527.81 2586.99 2591.18 2488.66 2635.32 2637.07 2584.55 2607.92 2592.08 2476.22 2511.26 2526.22 2568.74 2557.07 2515.37 2467.81 2457.84 2450.38 2432.77 2377.81 2351.15 2457.78 2486.11 2479.4 2476.85 2478.47 2472.68 2471.84 2492.63 2440.9 2521.78 -99999 -99999 -99999 -99999 -99999 -99999 -99999 -99999 -99999 -99999 -99999 -99999 -99999 -99999 -99999 -99999 -99999 -99999 -99999 -99999 -99999 -99999 -99999 -99999 -99999
2383.26 2554.9 2624.14 2618.3 2603.45 2543.48 2482.58 2591.84 2622.74 2622.74 2601.86 2609.45 2614.41 2562 2628.66 2608.66 2507.81 2672 2633.7 2606.22 2606.22 2621.23 2607.89 2508.74 2545.48 2584.55 2565.4 2522.88 2470.36 2458.68 2450.36 2426.16 2454.44 2482.85 2483.59 2478.55 2478.55 2339.37 2475.18 2469.34 2468.49 2434.22 2375.86 2433.45 2467.67 -99999 -99999 -99999 -99999 -99999 -99999 -99999 -99999 -99999 -99999 -99999 -99999 -99999 -99999 -99999 -99999 -99999 -99999 -99999 -99999 -99999 -99999 -99999 -99999
2396.52 2654.85 2648.19 2605.81 2542.52 2580.08 2548.44 2631.84 2630.99 2631.86 2633.56 2637.75 2621.95 2600.36 2612 2536.22 2542 2690.33 2641.18 2630.44 2545.48 2649.59 2581.26 2615.48 2591.26 2599.56 2577.92 2528.66 2390.36 2325.34 2448.68 2440.36 2451.89 2477.81 2477.81 2472.77 2474.36 2473.62 2466.88 2464.38 2464.41 2434.36 2376.82 2432.71 2459.42 2573.73 2540.38 -99999 -99999 -99999 -99999 -99999 -99999 -99999 -99999 -99999 -99999 -99999 -99999 -99999 -99999 -99999 -99999 -99999 -99999 -99999 -99999 -99999 -99999
2535.7 2584 2634.85 2629.86 2525.81 2617.62 2645.12 2640.16 2638.55 2638.55 2641.12 2646.93 2653.56 2666.22 2619.53 2548.77 2558.77 2707.07 2715.48 2481.26 2582.96 2687.89 2555.4 2639.56 2610.44 2623.7 2599.59 2517.81 2317.01 2301.12 2442.03 2434.44 2446.96 2472.74 2471.1 2471.95 2471.1 2472.68 2462.77 2461.1 2461.95 2435.23 2372.79 2427.01 2451.21 2534.58 2530.47 -99999 2562.03 -99999 -99999 -99999 -99999 -99999 -99999 -99999 -99999 -99999 -99999 -99999 -99999 -99999 -99999 -99999 -99999 -99999 -99999 -99999 -99999
2548.14 2596.44 2645.7 2555.7 2549.01 2646.66 2655.12 2650.96 2649.32 2649.34 2649.37 2691.12 2693.64 2701.97 2629.51 2331.29 2571.23 2718.79 2727.04 2597.97 2603.01 2735.45 2587.92 2668.82 2641.29 2610.44 2604.55 2546.25 2491.23 2449.45 2464.47 2397.81 2395.32 2466.93 2466.96 2468.58 2471.95 2461.1 2463.62 2401.86 2459.45 2429.51 2397.01 2420.36 2442.16 2527.1 2556.27 2556.27 2558.79 2587.12 -99999 -99999 -99999 -99999 -99999 -99999 -99999 -99999 -99999 -99999 -99999 -99999 -99999 -99999 -99999 -99999 -99999 -99999 -99999
2642.25 2691.4 2685.64 2674.85 2613.15 2733.29 2702.52 2716.85 2745.18 2656.82 2696.11 2699.42 2701.15 2650.3 2290.33 2338.74 2455.4 2467.12 2409.59 2378.82 2488.82 2486.3 2597.12 2711.29 2652.05 2618.74 2552.88 2576.16 2545.32 2500.33 2482.82 2360.25 2357.73 2434.44 2436.14 2466.96 2459.4 2405.32 2348.6 2428.6 2456.16 2453.67 2449.62 2446.27 2443.01 2528.79 2543.75 2493.78 2526.25 2584.6 -99999 -99999 -99999 -99999 -99999 -99999 -99999 -99999 -99999 -99999 -99999 -99999 -99999 -99999 -99999 -99999 -99999 -99999 -99999
2765.62 2760.63 2751.42 2685.64 2697.37 2691.56 2715.84 2716.77 2729.45 2701.1 2701.89 2702.74 2710.27 2656.16 2530.36 2451.29 2396.27 2175.37 2275.45 2284.6 2492.93 2488.82 2710.44 2657.92 2627.89 2594.55 2502.9 2547.86 2541.23 2511.15 2476.14 2410.27 2350.22 2406.08 2434.44 2462.77 2431.1 2401.97 2375.29 2456.93 2456.16 2452.85 2448.74 2445.51 2443.84 2504.68 2499.64 2495.48 2499.64 2584.6 2587.12 -99999 -99999 -99999 -99999 -99999 -99999 -99999 -99999 -99999 -99999 -99999 -99999 -99999 -99999 -99999 -99999 -99999 -99999
2744.79 2764.79 2699.81 2690.63 2699.81 2697.4 2712.49 2715.04 2714.22 2706.03 2622.74 2708.63 2713.64 2661.97 2667.01 2454.63 2632 2467.12 2150.47 2282.93 2486.3 2661.26 2704.63 2600.41 2627.92 2597.84 2477.89 2523.67 2541.92 2509.48 2486.11 2356.05 2350.22 2350.22 2435.26 2461.92 2459.42 2432.82 2400.38 2457.01 2453.67 2451.21 2447.92 2445.51 2445.51 2471.34 2471.34 2470.47 2500.49 2472.03 2587.97 -99999 -99999 -99999 -99999 -99999 -99999 -99999 -99999 -99999 -99999 -99999 -99999 -99999 -99999 -99999 -99999 -99999 -99999
2720.68 2712.27 2705.64 2708.14 2720.66 2723.21 2714.93 2717.51 2718.41 2719.23 2627.73 2716.11 2720.3 2723.64 2727.01 2668.68 2661.18 2535.37 2323.78 2477.04 2369.62 2475.37 2697.07 2706.22 2654.55 2464.55 2479.53 2525.34 2491.15 2432.82 2433.64 2337.73 2327.84 2408.6 2459.45 2461.07 2459.42 2430.3 2398.68 2428.68 2423.7 2451.23 2447.92 2444.66 2444.63 2471.32 2471.32 2470.49 2502.14 2562.16 2587.97 -99999 -99999 -99999 -99999 -99999 -99999 -99999 -99999 -99999 -99999 -99999 -99999 -99999 -99999 -99999 -99999 -99999 -99999
2463.12 2453.97 2345.64 2557.32 2691.51 2695.7 2669.07 2690 2662.55 2693.45 2639.32 2718.63 2723.59 2726.93 2730.38 2614.49 2634.55 2610.41 2359.59 2360.33 2363.73 2669.56 2657.15 2700.44 2651.29 2542.03 2485.42 2451.21 2421.18 2416.14 2442.74 2429.51 2414.44 2466.11 2461.1 2404.47 2431.1 2401.15 2399.51 2400.36 2424.49 2422.88 2422.08 2448.79 2445.51 2475.45 2472.08 2386.27 2503.73 2532.05 2587.12 -99999 -99999 -99999 -99999 -99999 -99999 -99999 -99999 -99999 -99999 -99999 -99999 -99999 -99999 -99999 -99999 -99999 -99999
2661.45 2458.14 2353.97 2508.14 2636.55 2693.18 2668.22 2690.03 2664.22 2721.75 2670.16 2729.4 2725.26 2730.33 2724.52 2670.3 2196.25 2377.07 2537.07 2422.03 2537.92 2722.05 2710.44 2697.1 2622.03 2517.95 2442.08 2464.49 2431.15 2432 2490.36 2502 2495.29 2471.95 2461.92 2403.62 2403.64 2399.51 2344.49 2454.58 2424.47 2367.84 2452.05 2449.56 2448.79 2473.75 2443.84 2473.75 2502.05 2474.58 2563.73 -99999 -99999 -99999 -99999 -99999 -99999 -99999 -99999 -99999 -99999 -99999 -99999 -99999 -99999 -99999 -99999 -99999 -99999
2632.27 2722.27 2609.01 2530.68 2635.7 2721.51 2643.34 2664.16 2723.37 2722.6 2725.97 2731.84 2734.38 2723.59 2726.96 2730.3 2596.25 2598.74 2423.73 2469.53 2263.73 2583.73 2712.9 2670.36 2627.07 2526.16 2378.71 2243.75 2304.49 2421.18 2397.81 2520.36 2506.08 2472.85 2472.03 2458.58 2430.25 2320.27 2399.51 2368.6 2368.63 2368.68 2391.21 2478.71 2475.42 2447.95 2475.42 2475.42 2475.42 2505.4 2535.42 2594.58 -99999 -99999 -99999 -99999 -99999 -99999 -99999 -99999 -99999 -99999 -99999 -99999 -99999 -99999 -99999 -99999 -99999
2710.6 2717.34 2633.12 2662.38 2719.01 2721.51 2667.37 2729.12 2720.88 2725.97 2726 2731.01 2738.55 2725.26 2732 2733.7 2737.86 2740.38 2432.03 2476.19 2201.23 2587.95 2583.73 2571.21 2662.9 2615.34 2282.05 2434.49 2233.67 2436.16 2417.04 2532 2521.21 2513.7 2477.81 2457.84 2456.99 2318.66 2372.03 2455.34 2452.9 2480.38 2422.88 2452.05 2478.74 2448.68 2477.07 2476.25 2477.07 2505.4 2535.42 2595.4 -99999 -99999 -99999 -99999 -99999 -99999 -99999 -99999 -99999 -99999 -99999 -99999 -99999 -99999 -99999 -99999 -99999
2712.27 2687.26 2715.62 2718.99 2718.25 2721.56 2723.26 2728.3 2724.22 2727.56 2731.01 2736.88 2741.1 2730.33 2733.7 2738.71 2743.73 2749.53 2614.52 2488.68 2381.21 2372.82 2325.34 2461.21 2674.6 2626.19 2292.9 2377.86 2242.85 2262.82 2425.34 2546.19 2477.01 2525.37 2520.33 2479.48 2456.99 2320.33 2316.96 2456.16 2453.67 2480.38 2482.08 2366.14 2422.05 2419.53 2391.21 2391.21 2450.36 2506.25 2537.92 2597.97 2598.79 -99999 -99999 -99999 -99999 -99999 -99999 -99999 -99999 -99999 -99999 -99999 -99999 -99999 -99999 -99999 -99999
2683.04 2683.97 2454.03 2661.51 2719.1 2720.74 2695.75 2728.3 2725.92 2730.93 2731.78 2737.67 2742.68 2736.96 2737.01 2742.79 2747.01 2753.67 2498.66 2497.86 2498.71 2567.89 2484.52 2471.21 2687.01 2556.99 2534.6 2385.42 2321.18 2236.19 2438.66 2562.03 2436.22 2425.37 2420.36 2487.84 2401.97 2345.32 2456.99 2456.16 2454.49 2481.21 2482.08 2312.85 2312.85 2366.16 2391.21 2390.36 2451.21 2509.59 2538.71 2574.58 2600.44 -99999 -99999 -99999 -99999 -99999 -99999 -99999 -99999 -99999 -99999 -99999 -99999 -99999 -99999 -99999 -99999
2680.63 2627.23 2657.32 2688.14 2717.37 2720.74 2698.3 2729.15 2733.32 2729.29 2735.12 2737.67 2733.62 2737.73 2743.62 2717.81 2669.56 2759.51 2707.04 2508.66 2485.37 2577.04 2618.71 2603.67 2587.01 2567.01 2545.34 2520.41 2526.19 2422 2376.14 2490.33 2445.4 2437.04 2399.51 2434.55 2372.88 2319.48 2457.81 2455.32 2454.49 2481.97 2480.38 2313.7 2366.14 2339.51 2393.75 2481.23 2480.38 2509.51 2539.53 2577.95 2602.9 -99999 -99999 -99999 -99999 -99999 -99999 -99999 -99999 -99999 -99999 -99999 -99999 -99999 -99999 -99999 -99999
2650.6 2623.89 2711.51 2715.7 2719.92 2720.74 2698.3 2645.84 2734.16 2730.11 2707.64 2730.16 2707.73 2711.92 2662.77 2725.32 2672 2625.37 2711.15 2714.52 2537.81 2556.22 2624.52 2611.97 2592.82 2574.55 2548.71 2529.56 2612.82 2480.41 2488.74 2446.22 2542 2421.15 2436.22 2400.33 2407.86 2349.56 2371.18 2455.32 2484.49 2422.88 2315.32 2315.32 2313.7 2312.88 2315.4 2451.21 2479.56 2479.56 2511.21 2577.1 2603.75 -99999 2607.92 -99999 -99999 -99999 -99999 -99999 -99999 -99999 -99999 -99999 -99999 -99999 -99999 -99999 -99999
2707.32 2653.12 2712.33 2716.55 2719.07 2585.78 2589.95 2591.67 2735.01 2730.96 2698.49 2592.71 2600.25 2656.96 2661.92 2616.14 2619.48 2625.37 2632.82 2534.52 2558.74 2401.15 2624.52 2611.97 2596.16 2576.22 2556.19 2531.26 2566.19 2598.71 2610.44 2564.55 2549.59 2565.37 2417.89 2488.77 2470.36 2231.18 2223.64 2456.99 2397.84 2316.14 2316.14 2422.9 2454.58 2453.73 2452.03 2314.55 2367.84 2480.38 2540.38 2606.27 2607.1 2607.92 2608.77 -99999 -99999 -99999 -99999 -99999 -99999 -99999 -99999 -99999 -99999 -99999 -99999 -99999 -99999
2678.9 2653.1 2525.64 2717.4 2718.22 2586.6 2589.12 2620.82 2623.4 2709.26 2668.47 2593.53 2475.26 2711.92 2686.96 2667.81 2698.63 2650.3 2627.81 2632.85 2657.84 2577.04 2619.56 2635.37 2596.16 2575.37 2558.71 2532.93 2567.01 2575.34 2559.48 2572 2586.19 2572 2425.37 2525.37 2472.85 2358.66 2229.51 2347.04 2266.16 2342.03 2396.22 2423.73 2455.34 2454.55 2452.88 2314.47 2367.01 2452.88 2538.71 2607.92 2607.92 2586.25 2612.96 2604.6 2607.12 -99999 -99999 -99999 -99999 -99999 -99999 -99999 -99999 -99999 -99999 -99999 -99999
