assets/server-info/layers/temp_hotest.asc
NCOLS 494
NROWS 531
XLLCORNER -117
YLLCORNER -55.8333
CELLSIZE 0.166667
NODATA_VALUE -99999
[rows 384 to 415 of 531, columns 284 to 354 of 494]
1610 1980 1156.67 1663.33 1913.33 2333.33 2426.67 2523.33 2420 1676.67 2003.33 2520 2486.67 2256.67 2533.33 2563.33 2566.67 2550 2453.33 2486.67 2516.67 2580 2683.33 2730 2590 2156.67 2006.67 2013.33 1756.67 1546.67 2063.33 2140 2330 2293.33 2340 2403.33 2420 2443.33 2466.67 2510 2513.33 2433.33 2403.33 2400 2400 2430 2426.67 2420 2416.67 2410 2436.67 2466.67 2436.67 2443.33 2436.67 2466.67 2476.67 2483.33 2506.67 2500 2490 2483.33 2480 2470 2466.67 2466.67 2466.67 2463.33 2473.33 2503.33 2510
1543.33 1573.33 1123.33 1316.67 1660 2326.67 2426.67 2543.33 2513.33 1756.67 1993.33 2513.33 2503.33 2453.33 2500 2540 2556.67 2556.67 2480 2503.33 2503.33 2590 2673.33 2703.33 2550 2370 1993.33 1996.67 1690 1596.67 2050 2230 2280 2280 2310 2410 2443.33 2470 2473.33 2480 2470 2430 2403.33 2400 2400 2396.67 2423.33 2420 2440 2436.67 2440 2460 2450 2393.33 2420 2486.67 2500 2500 2490 2456.67 2476.67 2466.67 2456.67 2450 2446.67 2460 2470 2470 2476.67 2486.67 2493.33
1616.67 1640 1190 1110 1556.67 2230 2420 2553.33 2513.33 2310 2386.67 2490 2493.33 2483.33 2496.67 2530 2540 2543.33 2540 2493.33 2450 2550 2606.67 2583.33 2496.67 2423.33 2196.67 2066.67 1800 1610 2053.33 2200 2236.67 2243.33 2303.33 2403.33 2436.67 2466.67 2470 2413.33 2453.33 2400 2400 2393.33 2386.67 2390 2413.33 2410 2436.67 2433.33 2443.33 2440 2466.67 2473.33 2496.67 2520 2480 2470 2466.67 2460 2476.67 2476.67 2466.67 2460 2433.33 2440 2453.33 2470 2476.67 2480 2483.33
1350 1636.67 1170 1080 1603.33 2026.67 2416.67 2520 2513.33 2496.67 2476.67 2476.67 2480 2490 2470 2496.67 2523.33 2516.67 2516.67 2486.67 2450 2533.33 2556.67 2526.67 2443.33 2393.33 2383.33 2356.67 1560 1843.33 2040 2186.67 2236.67 2236.67 2310 2410 2446.67 2470 2430 2406.67 2413.33 2403.33 2383.33 2383.33 2373.33 2380 2406.67 2396.67 2426.67 2430 2446.67 2446.67 2480 2493.33 2470 2423.33 2466.67 2470 2463.33 2466.67 2483.33 2476.67 2460 2460 2430 2433.33 2443.33 2453.33 2460 2470 2473.33
653.33 1406.67 1396.67 1210 1880 2223.33 2426.67 2476.67 2476.67 2473.33 2493.33 2513.33 2530 2603.33 2453.33 2443.33 2523.33 2613.33 2606.67 2576.67 2560 2520 2496.67 2463.33 2386.67 2380 2350 2246.67 1710 1996.67 2143.33 2123.33 2200 2243.33 2336.67 2383.33 2436.67 2400 2443.33 2360 2370 2383.33 2366.67 2366.67 2356.67 2356.67 2393.33 2396.67 2420 2470 2453.33 2456.67 2460 2463.33 2463.33 2433.33 2436.67 2433.33 2470 2463.33 2456.67 2476.67 2463.33 2453.33 2460 2460 2436.67 2446.67 2483.33 2463.33 2500
316.67 1300 1360 1260 1840 2240 2386.67 2443.33 2453.33 2453.33 2480 2526.67 2516.67 2590 2436.67 2400 2440 2526.67 2566.67 2533.33 2493.33 2460 2386.67 2350 2346.67 2313.33 2303.33 2210 1593.33 1916.67 2163.33 2190 2216.67 2243.33 2340 2380 2413.33 2383.33 2393.33 2356.67 2343.33 2360 2356.67 2340 2346.67 2346.67 2373.33 2373.33 2383.33 2410 2446.67 2453.33 2460 2476.67 2480 2446.67 2456.67 2456.67 2460 2456.67 2480 2460 2433.33 2443.33 2443.33 2456.67 2456.67 2460 2480 2473.33 2496.67
670 1386.67 1430 1053.33 1800 2250 2390 2423.33 2440 2446.67 2470 2513.33 2540 2550 2490 2386.67 2386.67 2493.33 2506.67 2416.67 2410 2333.33 2020 2096.67 2130 2223.33 2236.67 2170 1650 1866.67 2136.67 2160 2220 2263.33 2356.67 2383.33 2403.33 2373.33 2343.33 2333.33 2323.33 2343.33 2343.33 2333.33 2340 2333.33 2326.67 2350 2343.33 2370 2400 2403.33 2403.33 2443.33 2450 2423.33 2426.67 2460 2460 2450 2446.67 2430 2423.33 2426.67 2430 2436.67 2440 2436.67 2426.67 2463.33 2486.67
603.33 1563.33 1356.67 1140 1806.67 2276.67 2410 2410 2430 2430 2450 2493.33 2493.33 2540 2546.67 2423.33 2336.67 2460 2470 2386.67 2220 2180 1973.33 2046.67 2080 2216.67 2203.33 2156.67 1720 1946.67 2146.67 2153.33 2230 2283.33 2350 2386.67 2393.33 2370 2326.67 2340 2316.67 2330 2330 2330 2333.33 2336.67 2330 2320 2336.67 2356.67 2346.67 2370 2373.33 2373.33 2393.33 2426.67 2450 2450 2436.67 2423.33 2420 2403.33 2403.33 2420 2423.33 2430 2423.33 2420 2420 2406.67 2453.33
716.67 916.67 1236.67 1143.33 2070 2363.33 2386.67 2413.33 2410 2406.67 2446.67 2473.33 2493.33 2510 2533.33 2460 2303.33 2383.33 2426.67 2323.33 2006.67 1916.67 1806.67 1956.67 2063.33 2193.33 2160 2106.67 1800 2030 2160 2173.33 2253.33 2313.33 2380 2393.33 2396.67 2366.67 2356.67 2353.33 2346.67 2330 2326.67 2330 2333.33 2336.67 2326.67 2316.67 2330 2320 2340 2360 2330 2320 2366.67 2400 2460 2460 2416.67 2386.67 2366.67 2340 2333.33 2316.67 2356.67 2393.33 2416.67 2416.67 2420 2430 2440
156.67 166.67 1580 1500 2100 2336.67 2346.67 2363.33 2376.67 2410 2450 2476.67 2483.33 2516.67 2536.67 2470 2330 2316.67 2373.33 2336.67 2016.67 1766.67 1843.33 1990 2103.33 2146.67 2136.67 2050 1843.33 2103.33 2193.33 2230 2276.67 2323.33 2410 2400 2413.33 2373.33 2370 2340 2356.67 2340 2340 2326.67 2363.33 2360 2320 2313.33 2326.67 2316.67 2343.33 2360 2290 2286.67 2333.33 2376.67 2406.67 2413.33 2376.67 2366.67 2350 2346.67 2316.67 2310 2326.67 2390 2403.33 2403.33 2413.33 2423.33 2430
0 563.33 1666.67 2066.67 2290 2283.33 2306.67 2316.67 2366.67 2403.33 2436.67 2466.67 2486.67 2510 2540 2503.33 2443.33 2360 2406.67 2333.33 2040 2016.67 2063.33 2063.33 2093.33 1913.33 1900 1883.33 2016.67 2153.33 2260 2323.33 2323.33 2383.33 2410 2413.33 2416.67 2380 2380 2386.67 2373.33 2350 2346.67 2326.67 2323.33 2350 2336.67 2296.67 2316.67 2316.67 2320 2350 2316.67 2313.33 2320 2366.67 2373.33 2380 2366.67 2370 2336.67 2343.33 2350 2316.67 2326.67 2376.67 2403.33 2420 2433.33 2450 2450
496.67 1320 1810 1960 2156.67 2256.67 2280 2306.67 2340 2410 2440 2470 2493.33 2513.33 2540 2503.33 2360 2423.33 2453.33 2380 2210 2100 2176.67 2156.67 2113.33 1986.67 2070 2133.33 2130 2200 2300 2346.67 2346.67 2386.67 2436.67 2443.33 2413.33 2383.33 2423.33 2400 2373.33 2360 2353.33 2320 2323.33 2316.67 2296.67 2293.33 2283.33 2306.67 2310 2336.67 2320 2333.33 2320 2326.67 2330 2350 2343.33 2340 2340 2350 2336.67 2300 2306.67 2340 2330 2313.33 2373.33 2496.67 2470
590 1533.33 1986.67 2063.33 2193.33 2203.33 2156.67 2230 2326.67 2400 2430 2463.33 2500 2516.67 2533.33 2473.33 2380 2466.67 2510 2453.33 2290 2116.67 2180 2216.67 2160 2150 2153.33 2186.67 2263.33 2280 2320 2396.67 2390 2430 2443.33 2423.33 2430 2406.67 2420 2410 2376.67 2373.33 2360 2323.33 2316.67 2313.33 2293.33 2283.33 2280 2293.33 2303.33 2326.67 2306.67 2296.67 2323.33 2323.33 2320 2310 2320 2313.33 2296.67 2290 2300 2296.67 2316.67 2313.33 2286.67 2260 2290 2400 2423.33
400 1180 1913.33 2110 2083.33 2036.67 2033.33 2156.67 2280 2396.67 2426.67 2460 2513.33 2533.33 2556.67 2520 2440 2500 2493.33 2423.33 2386.67 2186.67 2226.67 2200 2276.67 2283.33 2253.33 2256.67 2296.67 2316.67 2333.33 2400 2420 2436.67 2443.33 2393.33 2400 2413.33 2413.33 2403.33 2393.33 2376.67 2350 2346.67 2320 2313.33 2280 2260 2256.67 2283.33 2280 2303.33 2300 2290 2283.33 2313.33 2300 2300 2283.33 2293.33 2263.33 2253.33 2260 2260 2296.67 2330 2320 2310 2330 2343.33 2373.33
340 713.33 1860 1960 1970 1886.67 1956.67 2090 2253.33 2326.67 2406.67 2446.67 2500 2520 2540 2540 2493.33 2506.67 2473.33 2393.33 2356.67 2213.33 2213.33 2246.67 2310 2253.33 2293.33 2333.33 2366.67 2336.67 2373.33 2416.67 2433.33 2440 2406.67 2370 2393.33 2416.67 2413.33 2400 2396.67 2393.33 2356.67 2353.33 2316.67 2313.33 2283.33 2250 2250 2273.33 2266.67 2293.33 2273.33 2273.33 2273.33 2296.67 2293.33 2280 2283.33 2256.67 2243.33 2260 2256.67 2263.33 2273.33 2283.33 2330 2330 2336.67 2330 2340
466.67 690 1610 1910 1863.33 1856.67 1920 2076.67 2223.33 2296.67 2376.67 2406.67 2470 2526.67 2530 2520 2496.67 2470 2430 2373.33 2360 2256.67 2280 2260 2313.33 2336.67 2353.33 2380 2386.67 2406.67 2416.67 2426.67 2406.67 2416.67 2416.67 2373.33 2403.33 2403.33 2403.33 2403.33 2396.67 2396.67 2366.67 2356.67 2330 2290 2276.67 2243.33 2240 2263.33 2260 2273.33 2273.33 2273.33 2273.33 2273.33 2293.33 2290 2283.33 2270 2260 2246.67 2273.33 2253.33 2256.67 2263.33 2273.33 2286.67 2300 2306.67 2313.33
296.67 836.67 1376.67 1866.67 1850 1830 2016.67 2103.33 2180 2306.67 2403.33 2433.33 2433.33 2486.67 2510 2506.67 2483.33 2456.67 2346.67 2293.33 2276.67 2313.33 2300 2336.67 2353.33 2366.67 2376.67 2376.67 2380 2446.67 2436.67 2413.33 2430 2433.33 2386.67 2390 2396.67 2386.67 2393.33 2400 2403.33 2393.33 2363.33 2350 2333.33 2296.67 2313.33 2293.33 2256.67 2246.67 2246.67 2240 2236.67 2270 2273.33 2276.67 2296.67 2296.67 2283.33 2270 2266.67 2250 2246.67 2240 2250 2256.67 2280 2300 2320 2293.33 2300
320 923.33 1430 1673.33 1740 1843.33 2046.67 2146.67 2180 2300 2383.33 2413.33 2413.33 2436.67 2470 2470 2470 2436.67 2353.33 2343.33 2333.33 2366.67 2363.33 2353.33 2373.33 2366.67 2373.33 2390 2410 2436.67 2413.33 2430 2443.33 2430 2406.67 2390 2396.67 2393.33 2393.33 2400 2410 2386.67 2376.67 2343.33 2326.67 2300 2313.33 2296.67 2263.33 2240 2240 2233.33 2236.67 2270 2263.33 2266.67 2296.67 2293.33 2293.33 2286.67 2280 2273.33 2260 2240 2216.67 2253.33 2260 2293.33 -99999 -99999 2336.67
116.67 1226.67 1476.67 1646.67 1676.67 1853.33 2063.33 2173.33 2206.67 2300 2373.33 2396.67 2416.67 2416.67 2443.33 2446.67 2450 2420 2306.67 2323.33 2366.67 2416.67 2400 2396.67 2386.67 2383.33 2373.33 2403.33 2403.33 2413.33 2426.67 2416.67 2426.67 2436.67 2410 2426.67 2410 2403.33 2403.33 2396.67 2396.67 2390 2370 2340 2316.67 2290 2303.33 2283.33 2263.33 2250 2230 2230 2230 2263.33 2263.33 2270 2303.33 2296.67 2300 2296.67 2306.67 2300 2283.33 2246.67 2216.67 2213.33 2250 -99999 -99999 -99999 -99999
883.33 1316.67 1650 1763.33 1766.67 1940 2116.67 2193.33 2303.33 2360 2390 2396.67 2393.33 2386.67 2430 2423.33 2430 2426.67 2386.67 2356.67 2376.67 2400 2383.33 2383.33 2376.67 2370 2390 2376.67 2383.33 2426.67 2413.33 2420 2413.33 2433.33 2416.67 2420 2410 2406.67 2403.33 2403.33 2396.67 2403.33 2356.67 2340 2323.33 2293.33 2300 2263.33 2253.33 2240 2233.33 2226.67 2223.33 2260 2263.33 2263.33 2273.33 2306.67 2306.67 2316.67 2333.33 2343.33 2323.33 2263.33 2216.67 2216.67 2226.67 2313.33 -99999 -99999 -99999
1320 1406.67 1686.67 1773.33 1770 1860 2063.33 2150 2203.33 2323.33 2346.67 2376.67 2370 2370 2396.67 2396.67 2396.67 2423.33 2393.33 2370 2386.67 2366.67 2366.67 2356.67 2353.33 2346.67 2390 2396.67 2410 2446.67 2403.33 2423.33 2423.33 2436.67 2416.67 2426.67 2413.33 2406.67 2406.67 2406.67 2403.33 2386.67 2376.67 2346.67 2323.33 2293.33 2270 2263.33 2253.33 2243.33 2236.67 2226.67 2226.67 2256.67 2270 2270 2273.33 2313.33 2310 2320 2336.67 2353.33 2333.33 2273.33 2226.67 2240 2243.33 2283.33 2233.33 2210 -99999
1453.33 1590 1780 1836.67 1836.67 1836.67 1903.33 2103.33 2153.33 2170 2333.33 2363.33 2363.33 2366.67 2390 2390 2410 2403.33 2390 2343.33 2370 2363.33 2360 2356.67 2353.33 2366.67 2386.67 2400 2430 2430 2423.33 2423.33 2423.33 2433.33 2446.67 2426.67 2413.33 2406.67 2406.67 2406.67 2406.67 2396.67 2383.33 2346.67 2326.67 2276.67 2260 2276.67 2253.33 2250 2243.33 2263.33 2266.67 2236.67 2273.33 2273.33 2276.67 2313.33 2310 2310 2320 2320 2300 2273.33 2233.33 2233.33 2233.33 2240 2203.33 2163.33 2146.67
1660 1823.33 1870 1860 1843.33 1836.67 1800 1836.67 2030 2156.67 2276.67 2363.33 2363.33 2386.67 2410 2410 2383.33 2376.67 2370 2356.67 2360 2363.33 2363.33 2383.33 2373.33 2370 2363.33 2376.67 2413.33 2423.33 2416.67 2446.67 2433.33 2446.67 2430 2420 2406.67 2406.67 2406.67 2406.67 2406.67 2393.33 2373.33 2383.33 2293.33 2276.67 2286.67 2270 2263.33 2250 2253.33 2273.33 2276.67 2276.67 2280 2283.33 2276.67 2276.67 2306.67 2303.33 2296.67 2293.33 2283.33 2273.33 2256.67 2233.33 2240 2206.67 2186.67 2176.67 2156.67
1796.67 1800 1860 1850 1813.33 1806.67 1790 1800 1900 2063.33 2236.67 2343.33 2360 2380 2400 2390 2380 2373.33 2363.33 2353.33 2356.67 2360 2356.67 2380 2370 2350 2356.67 2350 2393.33 2413.33 2403.33 2416.67 2403.33 2420 2410 2396.67 2393.33 2390 2386.67 2383.33 2380 2370 2373.33 2353.33 2313.33 2263.33 2276.67 2263.33 2260 2256.67 2243.33 2243.33 2283.33 2280 2280 2273.33 2273.33 2263.33 2293.33 2286.67 2276.67 2273.33 2270 2260 2256.67 2243.33 2210 2203.33 2190 2170 2163.33
1853.33 1866.67 1853.33 1853.33 1796.67 1780 1773.33 1666.67 1900 2063.33 2236.67 2293.33 2360 2373.33 2390 2376.67 2373.33 2363.33 2360 2353.33 2350 2353.33 2353.33 2373.33 2356.67 2340 2343.33 2356.67 2360 2373.33 2393.33 2396.67 2380 2370 2393.33 2390 2383.33 2380 2380 2356.67 2380 2373.33 2353.33 2330 2300 2270 2260 2256.67 2253.33 2253.33 2250 2250 2283.33 2283.33 2280 2270 2256.67 2250 2286.67 2276.67 2263.33 2250 2250 2243.33 2243.33 2213.33 2193.33 2200 2180 2170 2140
1720 1843.33 1840 1856.67 1796.67 1686.67 1346.67 1253.33 1656.67 2010 2160 2270 2350 2356.67 2350 2366.67 2360 2353.33 2350 2343.33 2346.67 2343.33 2343.33 2350 2340 2320 2340 2323.33 2366.67 2363.33 2363.33 2380 2370 2363.33 2356.67 2393.33 2380 2370 2346.67 2336.67 2356.67 2343.33 2333.33 2316.67 2276.67 2253.33 2240 2236.67 2243.33 2250 2253.33 2250 2283.33 2276.67 2266.67 2266.67 2253.33 2243.33 2263.33 2246.67 2233.33 2230 2223.33 2220 2223.33 2206.67 2190 2156.67 2163.33 2136.67 2126.67
1513.33 1686.67 1786.67 1823.33 1696.67 1600 1346.67 1580 1816.67 2000 2096.67 2213.33 2296.67 2316.67 2333.33 2353.33 2350 2340 2343.33 2333.33 2330 2330 2313.33 2330 2326.67 2323.33 2326.67 2316.67 2363.33 2343.33 2356.67 2346.67 2363.33 2350 2386.67 2396.67 2373.33 2353.33 2333.33 2320 2336.67 2333.33 2326.67 2310 2266.67 2236.67 2223.33 2226.67 2233.33 2246.67 2243.33 2246.67 2276.67 2263.33 2253.33 2246.67 2236.67 2226.67 2246.67 2233.33 2216.67 2206.67 2196.67 2200 2190 2170 2160 2150 2126.67 2120 2106.67
1196.67 1426.67 1746.67 1840 1800 1596.67 1343.33 1653.33 1893.33 1996.67 2090 2170 2260 2306.67 2296.67 2340 2336.67 2333.33 2326.67 2326.67 2320 2313.33 2303.33 2320 2316.67 2310 2326.67 2320 2343.33 2343.33 2356.67 2340 2360 2333.33 2363.33 2340 2320 2316.67 2323.33 2313.33 2336.67 2330 2330 2313.33 2273.33 2240 2223.33 2226.67 2233.33 2240 2240 2240 2260 2250 2243.33 2230 2220 2203.33 2186.67 2206.67 2196.67 2200 2186.67 2186.67 2186.67 2180 2163.33 2143.33 2113.33 2100 2090
1460 1430 1720 1816.67 1726.67 1503.33 1580 1813.33 1850 1956.67 2026.67 2120 2230 2266.67 2310 2326.67 2323.33 2326.67 2320 2320 2316.67 2336.67 2316.67 2313.33 2313.33 2313.33 2336.67 2340 2346.67 2343.33 2326.67 2323.33 2313.33 2326.67 2330 2306.67 2286.67 2293.33 2313.33 2336.67 2330 2330 2326.67 2313.33 2286.67 2256.67 2243.33 2240 2240 2243.33 2236.67 2236.67 2220 2196.67 2193.33 2196.67 2186.67 2176.67 2203.33 2196.67 2193.33 2190 2186.67 2186.67 2186.67 2173.33 2153.33 2126.67 2106.67 2073.33 2063.33
1566.67 1393.33 1616.67 1783.33 1783.33 1743.33 1770 1806.67 1930 1963.33 2020 2116.67 2126.67 2243.33 2303.33 2326.67 2320 2320 2326.67 2320 2316.67 2323.33 2313.33 2313.33 2313.33 2336.67 2360 2336.67 2330 2340 2323.33 2326.67 2320 2333.33 2333.33 2316.67 2300 2306.67 2313.33 2306.67 2326.67 2326.67 2320 2310 2283.33 2270 2256.67 2250 2250 2250 2240 2216.67 2213.33 2183.33 2173.33 2146.67 2136.67 2123.33 2143.33 2176.67 2176.67 2163.33 2170 2170 2170 2163.33 2143.33 2120 2086.67 2063.33 2053.33
1463.33 1363.33 1090 1250 1736.67 1833.33 1843.33 1896.67 1923.33 1963.33 1976.67 2070 2126.67 2216.67 2303.33 2323.33 2320 2320 2320 2316.67 2300 2313.33 2310 2310 2313.33 2336.67 2353.33 2326.67 2326.67 2306.67 2320 2336.67 2333.33 2350 2320 2333.33 2320 2316.67 2316.67 2303.33 2303.33 2313.33 2310 2290 2286.67 2276.67 2236.67 2230 2230 2250 2223.33 2210 2203.33 2173.33 2163.33 2133.33 2130 2110 2106.67 2136.67 2136.67 2126.67 2130 2130 2150 2146.67 2140 2106.67 2083.33 2056.67 2046.67
1453.33 1293.33 1346.67 1523.33 1780 1843.33 1883.33 1926.67 1930 1960 2006.67 2060 2123.33 2200 2283.33 2300 2326.67 2320 2320 2303.33 2323.33 2313.33 2306.67 2306.67 2303.33 2286.67 2300 2303.33 2280 2296.67 2316.67 2313.33 2340 2360 2333.33 2346.67 2326.67 2323.33 2303.33 2306.67 2300 2310 2310 2283.33 2253.33 2246.67 2240 2233.33 2220 2243.33 2173.33 2196.67 2173.33 2140 2096.67 2090 2103.33 2100 2100 2103.33 2130 2126.67 2123.33 2120 2113.33 2140 2133.33 2113.33 2073.33 2060 2050
