assets/server-info/layers/temp_avg.asc
NCOLS 494
NROWS 531
XLLCORNER -117
YLLCORNER -55.8333
CELLSIZE 0.166667
NODATA_VALUE -99999
[rows 186 to 216 of 531, columns 276 to 344 of 494]
2524.19 2523.42 2542.66 2521.12 2477.86 2491.18 2512.14 2505.51 2497.15 2492.19 2520.52 2551.32 2553.86 2551.42 2558.03 2567.21 2576.38 2561.32 2545.53 2563.01 2608.82 2655.51 2666.3 2639.7 2667.97 2659.64 2650.47 2609.67 2628.05 2533.1 2469.75 2180.55 1823.12 2168.03 2030.6 2062.22 2053.1 1996.38 1904.71 2076.44 2207.18 2208 2493.81 2523.04 2645.53 2646.3 2504.66 2373.89 2374.71 2500.52 2583.84 2674.66 2648.79 2567.95 2328.85 2328.88 2658.74 2661.26 2693.84 2697.23 2667.95 2669.56 2672.08 2589.64 2595.51 2598.05 2625.51 2658.85 2619.75
2503.37 2495.97 2527.73 2508.6 2462.85 2457.92 2502.96 2493.86 2490.49 2482.22 2512.16 2542.16 2541.4 2547.26 2548.03 2554.66 2567.21 2547.21 2591.34 2596.33 2615.53 2631.4 2645.53 2649.7 2648.03 2645.53 2635.56 2594.77 2557.21 2519.75 2543.86 2282.16 1686.44 2066.44 2159.78 1964.77 1713.04 1628.9 1984.77 2276.41 2277.29 2289.67 2311.29 2313.01 2382.27 2599.75 2637.29 2623.04 2541.42 2548.03 2632.16 2667.21 2527.15 2560.49 2386.33 2512.14 2683.81 2687.18 2687.97 2693.04 2695.56 2698.05 2672.99 2643.84 2648.88 2650.55 2682.25 2684.68 2629.73
2520.9 2512.77 2515.26 2523.7 2461.32 2449.62 2493.04 2517.21 2507.21 2503.04 2530.6 2530.6 2533.1 2538.14 2544.77 2540.63 2548.85 2558.85 2569.73 2582.22 2595.51 2610.55 2619.64 2627.21 2626.36 2624.71 2618.03 2583.1 2489.73 2279.73 1820.58 1983.1 1891.45 1646.44 1879.73 1631.51 1957.21 2141.4 2200.58 2449.73 2396.38 2378.08 2508.03 2378.03 2301.32 2478.08 2629.73 2633.1 2648.9 2620.49 2652.16 2656.38 2546.27 2374.68 2639.7 2673.81 2677.1 2682.16 2685.48 2686.3 2678.9 2682.19 2685.53 2673.01 2674.68 2678.03 2678.85 2682.22 2658.05
2532.66 2525.26 2505.32 2495.42 2454.58 2468.82 2484.68 2505.56 2529.73 2524.74 2523.89 2521.4 2525.56 2530.58 2536.44 2533.92 2539.7 2547.26 2556.44 2564.77 2574.68 2586.44 2592.22 2598.85 2599.67 2599.7 2569.73 2564.68 2067.18 1387.21 2385.59 1972.22 1720.6 973.92 971.42 1624.77 2119.78 2368.16 2419.01 2441.48 2438.14 2468.14 2524.82 2388.14 2367.21 2528.9 2589.75 2595.62 2627.29 2638.9 2611.37 2648.05 2678.88 2653.86 2632.14 2664.68 2671.32 2660.58 2667.23 2672.27 2674.68 2677.23 2678.08 2654.74 2655.59 2672.25 2674.77 2678.05 2680.58
2520.27 2499.45 2505.45 2488.79 2472.96 2493.04 2480.49 2470.6 2493.12 2515.53 2513.95 2513.95 2514.79 2518.14 2522.25 2528.11 2531.37 2537.23 2541.4 2550.55 2556.36 2565.51 2570.55 2574.74 2576.36 2577.21 2518.88 2515.53 2050.55 2147.21 1304.77 1310.6 1302.25 1300.63 1216.47 2136.47 2134.03 2239.84 2386.49 2496.44 2520.6 2519.78 2547.32 2549.75 2519.75 2548.16 2554.77 2556.47 2615.62 2618.9 2658.9 2633.1 2669.75 2647.23 2607.29 2643.12 2679.78 2713.12 2687.23 2692.33 2667.23 2640.58 2673.95 2676.38 2648.99 2679.73 2673.92 2675.59 2678.88
2509.45 2486.25 2467.92 2482.14 2470.49 2484.68 2476.36 2466.41 2489.81 2511.4 2509.81 2510.58 2512.25 2514.79 2519.78 2522.22 2527.26 2528.93 2532.19 2538.11 2542.25 2545.59 2550.52 2554.68 2555.53 2558.88 2533.1 2502.19 2315.62 2365.59 2365.59 2242.25 2242.25 2240.63 2313.92 2413.92 2310.6 2309.78 2357.34 2491.4 2521.48 2572.3 2514.82 2545.62 2548.16 2517.23 2546.49 2580.63 2587.32 2591.51 2625.62 2639.84 2644.88 2621.51 2656.49 2634 2667.29 2704.82 2681.42 2654.79 2629.73 2633.95 2668.11 2670.58 2672.27 2645.62 2657.37 2659.86 2662.38
2490.36 2478.74 2461.32 2477.97 2464.6 2483.01 2472.25 2464.71 2458.9 2510.58 2509.81 2509.81 2509.73 2513.95 2517.29 2517.26 2518.93 2522.22 2526.41 2531.4 2533.07 2535.51 2536.33 2538 2539.7 2542.22 2545.51 2518.9 2491.42 2522.22 2465.51 2468.88 2439.78 2438.11 2496.44 2437.29 2380.66 2409.84 2464 2463.15 2490.68 2569.78 2541.53 2539.75 2570.6 2572.3 2542.38 2599.81 2602.38 2609.01 2620.68 2629.04 2633.21 2638.99 2644.85 2621.45 2690.6 2664.05 2670.71 2615.64 2650.68 2655.64 2659.84 2661.51 2665.64 2667.29 2653.23 2654.05 2654.9
2482.9 2467.95 2460.41 2474.66 2464.71 2481.34 2471.4 2465.56 2458.9 2483.04 2509.81 2509.81 2512.25 2513.95 2516.44 2516.41 2516.41 2518.03 2519.67 2523.92 2524.74 2526.36 2525.56 2526.41 2528.11 2531.4 2532.25 2537.18 2511.42 2513.92 2486.41 2490.55 2489.7 2488.85 2519.84 2488.9 2490.58 2488.99 2488.99 2517.37 2515.75 2577.34 2564.82 2564 2566.49 2568.19 2568.22 2568.19 2578.19 2592.38 2611.59 2614.11 2619.84 2628.22 2636.55 2642.33 2649.04 2655.67 2660.71 2666.49 2671.51 2649.84 2623.95 2685.62 2689.84 2671.53 2644.96 2649.89 2653.23
2507.07 2495.37 2481.32 2473.81 2460.52 2482.19 2472.25 2465.56 2483.12 2483.15 2509.73 2511.42 2512.25 2515.62 2514.74 2514.71 2513.07 2514.71 2516.41 2519.81 2519.75 2522.22 2519.7 2520.66 2522.25 2522.22 2525.59 2530.55 2505.59 2508.9 2483.07 2484.79 2513.92 2513.92 2543.95 2516.49 2516.49 2516.49 2487.32 2514.05 2541.51 2543.95 2562.3 2563.15 2563.15 2563.26 2564.93 2565.7 2524.08 2577.37 2586.6 2590.77 2594.9 2615.73 2626.55 2659.89 2639.04 2645.7 2651.53 2659.1 2664.05 2668.99 2673.21 2675.73 2680.66 2664.9 2639.12 2643.32 2646.6
2532.03 2493.75 2478.79 2468.85 2462.19 2483.01 2503.89 2456.41 2483.97 2483.97 2483.97 2483.15 2515.59 2516.44 2514.71 2513.07 2512.22 2513.07 2515.56 2518.05 2518.03 2518.11 2515.62 2512.25 2514.79 2517.21 2521.4 2524.74 2498.88 2501.37 2505.62 2507.29 2538.14 2510.63 2510.66 2540.66 2541.51 2541.51 2510.71 2540.68 2542.3 2544 2543.21 2556.52 2557.34 2558.22 2549.12 2549.97 2551.64 2558.27 2577.53 2581.56 2587.45 2591.62 2600.77 2634.11 2611.67 2616.58 2643.23 2649.89 2658.25 2660.77 2664.88 2668.99 2644.16 2617.45 2620.79 2622.47 2625.81
2530.44 2517.12 2507.12 2499.67 2489.67 2461.48 2488.11 2486.41 2486.41 2483.97 2483.97 2484.82 2484.74 2486.38 2483.92 2482.22 2481.4 2482.22 2545.56 2546.41 2546.44 2544.74 2542.3 2542.22 2543.07 2544.77 2549.7 2549.78 2553.07 2553.89 2562.25 2592.25 2563.95 2593.92 2594.74 2568.14 2598.14 2598.14 2570.68 2599.01 2600.68 2573.21 2602.49 2603.26 2572.41 2607.37 2607.37 2579.92 2608.22 2612.41 2587.45 2634.05 2638.25 2613.21 2651.62 2658.33 2633.34 2642.44 2645.75 2624.16 2571.62 2576.66 2572.49 2576.68 2551.64 2555.01 2557.53 2589.18 2619.18
2525.45 2516.36 2507.95 2499.67 2458.99 2457.32 2488.11 2487.26 2487.26 2486.44 2486.44 2486.44 2486.41 2487.23 2485.59 2483.92 2483.07 2484.74 2545.59 2546.41 2544.77 2543.89 2542.3 2543.07 2542.3 2543.92 2548.11 2548.11 2551.4 2552.22 2558.14 2559.81 2560.66 2589.73 2589.78 2591.45 2593.92 2595.62 2599.01 2599.01 2599.1 2600.79 2603.26 2602.49 2602.49 2604.93 2607.45 2608.22 2610.74 2611.56 2612.41 2612.41 2631.56 2637.42 2643.29 2650.77 2658.27 2635.86 2640.82 2616.6 2564.96 2540.79 2566.66 2543.34 2543.34 2548.36 2554.19 2585.01 2615.92
2522.96 2517.21 2463.97 2463.97 2461.42 2458.14 2485.56 2489.78 2487.26 2487.26 2487.26 2488.11 2488.93 2487.23 2486.41 2485.59 2484.74 2486.41 2545.67 2544.71 2545.59 2543.89 2543.92 2543.07 2543.07 2544.74 2545.59 2545.59 2548.96 2552.25 2554.74 2554.74 2558.11 2585.62 2586.47 2588.14 2589.81 2593.1 2598.16 2597.42 2596.55 2599.1 2601.67 2602.49 2604.11 2604.93 2607.45 2607.45 2610.82 2610.82 2610.74 2612.41 2612.41 2633.21 2638.27 2645.81 2652.47 2629.15 2634.16 2612.47 2529.18 2537.51 2564.19 2535.95 2570.03 2544.16 2549.21 2581.7 2638.41
2521.26 2515.51 2464.79 2463.97 2463.97 2460.58 2486.49 2486.49 2483.97 2488.93 2488.93 2488.08 2488.08 2488.08 2488.93 2488.08 2487.26 2483.89 2545.64 2544.71 2545.59 2543.07 2543.89 2543.89 2543.89 2545.59 2544.74 2543.92 2544.71 2550.55 2549.81 2553.07 2580.68 2580.68 2581.51 2584.82 2587.32 2589.81 2594.05 2592.36 2595.73 2596.6 2601.64 2602.49 2604.11 2605.81 2607.48 2607.48 2610.82 2610.82 2610.82 2610.74 2612.41 2614.08 2633.29 2641.59 2646.63 2623.34 2631.73 2606.66 2525.81 2530.85 2534.14 2562.58 2564.25 2567.59 2573.42 2577.59 2635.1
2495.67 2482.3 2480.63 2464.79 2464.79 2463.97 2488.08 2487.26 2486.49 2484.82 2488.9 2488.9 2488.9 2478.93 2480.6 2480.6 2479.78 2481.48 2546.47 2545.56 2543.89 2543.92 2543.92 2541.48 2541.48 2544.74 2543.07 2541.37 2543.12 2545.64 2548.11 2545.7 2578.99 2579.84 2580.68 2580.68 2582.36 2584.03 2589.07 2590.68 2592.38 2596.6 2599.95 2603.26 2604.11 2607.48 2607.48 2608.33 2610 2610.85 2610.82 2609.97 2611.56 2614.08 2617.42 2636.66 2645.81 2619.97 2627.53 2602.58 2549.18 2526.71 2530.93 2557.64 2563.42 2565.95 2570.14 2601.78 2633.45
2487.34 2483.15 2482.3 2480.63 2464.79 2464.79 2488.93 2488.08 2487.26 2485.67 2484.82 2477.26 2478.11 2478.11 2478.93 2478.96 2478.11 2478.08 2535.59 2537.26 2536.41 2543.07 2542.22 2543.07 2542.22 2541.37 2540.55 2540.6 2538.08 2540.63 2541.48 2542.3 2573.15 2574.85 2576.52 2578.14 2581.53 2569.07 2586.6 2587.42 2589.89 2594.9 2599.95 2603.26 2604.11 2607.48 2608.33 2609.18 2609.18 2609.18 2610 2609.97 2610.74 2612.41 2614.99 2634.96 2643.34 2617.53 2624.25 2600.9 2576.71 2551.75 2548.47 2552.68 2586 2591.01 2594.33 2596.82 2630.25
2548.19 2545.64 2542.3 2539.78 2538.11 2524.77 2492.3 2489.78 2487.34 2486.52 2516.44 2485.67 2477.26 2476.44 2476.44 2477.26 2476.38 2477.26 2534.77 2533.97 2534.74 2533.92 2532.3 2529.81 2539.78 2538.08 2535.56 2535.59 2533.97 2533.12 2565.67 2568.22 2568.99 2571.48 2573.18 2575.7 2562.44 2565.75 2570.77 2587.42 2589.04 2594.08 2599.95 2599.1 2604.11 2607.48 2608.33 2609.18 2609.18 2609.18 2610.82 2609.97 2610.79 2614.11 2615.81 2619.21 2629.23 2647.56 2592.58 2600.05 2570.96 2576 2580.11 2610.22 2586.85 2589.34 2591.86 2621.84 2625.23
2552.33 2549.86 2546.49 2542.3 2540.6 2538.93 2506.44 2491.45 2489.84 2487.34 2486.49 2486.52 2474.82 2474.82 2475.59 2473.92 2473.1 2474.74 2533.15 2532.3 2529.75 2528.93 2528.11 2525.59 2524.82 2523.12 2519.04 2531.45 2526.49 2524.85 2559.04 2561.48 2561.48 2564 2552.41 2554.93 2561.59 2563.29 2569.07 2574.96 2577.42 2589.89 2594.93 2598.25 2603.34 2605.81 2606.63 2608.33 2608.33 2608.33 2609.97 2609.97 2609.97 2613.34 2614.99 2625.86 2631.75 2634.27 2580.14 2592.63 2570.19 2574.36 2580.25 2581.89 2586.88 2589.4 2563.59 2595.23 2600.27
2557.29 2551.48 2549.86 2548.16 2543.15 2540.6 2509.81 2506.52 2489.81 2488.99 2488.16 2488.16 2471.48 2472.33 2472.33 2472.33 2472.33 2472.33 2530.6 2530.6 2529.78 2526.52 2525.67 2523.12 2520.71 2518.22 2514.9 2522.3 2520.71 2520.71 2548.99 2552.38 2542.38 2547.37 2549.07 2552.41 2557.4 2562.44 2565.81 2574.14 2576.58 2581.62 2592.49 2596.58 2600.79 2605.04 2606.66 2607.48 2608.33 2608.33 2609.15 2607.56 2610.05 2612.49 2614.99 2626.71 2631.84 2635.15 2611.81 2585.97 2597.7 2601.04 2579.42 2584.38 2586.05 2589.42 2591.1 2595.32 2599.48
2558.96 2557.29 2552.3 2550.71 2548.16 2544 2512.33 2509.81 2504.85 2492.36 2490.66 2488.99 2488.16 2470.66 2470.66 2470.66 2470.66 2470.66 2528.93 2526.49 2524.82 2521.48 2520.66 2519.04 2513.23 2509.86 2507.37 2504 2511.56 2509.86 2534.9 2534.9 2537.37 2540.71 2544.93 2549.07 2553.29 2559.92 2563.26 2569.1 2574.96 2585.78 2591.64 2593.32 2598.25 2603.34 2605.04 2605.04 2605.81 2606.71 2606.71 2609.21 2609.21 2609.23 2610.11 2615.15 2630.99 2636.82 2611.04 2585.23 2620.25 2623.64 2599.45 2575.4 2577.07 2607.84 2582.93 2594.47 2596.93
2579.81 2561.51 2557.29 2552.38 2551.56 2546.47 2514.82 2511.45 2505.7 2494.05 2492.36 2491.53 2490.68 2470.63 2470.63 2469.81 2469.81 2469.81 2525.67 2524 2522.33 2520.66 2516.58 2512.38 2508.22 2504.88 2501.53 2498.27 2504.08 2497.42 2527.42 2529.04 2532.38 2535.75 2540.68 2545.78 2551.59 2557.48 2561.59 2567.51 2571.59 2581.67 2586.63 2591.64 2593.32 2598.27 2602.49 2602.49 2605.01 2607.51 2606.68 2606.71 2607.53 2608.44 2613.45 2615.97 2620.99 2636.85 2612.71 2618.66 2621.97 2627.01 2602.03 2575.4 2607.07 2610.41 2583.78 2587.97 2591.23
2603.15 2579.81 2561.51 2554.85 2551.56 2549.84 2516.49 2514 2510.71 2504.93 2493.21 2520.74 2489.84 2489.84 2471.48 2469.86 2469.1 2468.27 2522.33 2522.33 2521.48 2516.58 2513.23 2509.04 2503.23 2500.77 2496.6 2494.9 2491.53 2489.86 2523.23 2526.6 2527.42 2533.23 2536.58 2543.23 2549.1 2554.96 2560 2564.11 2575.81 2580 2582.49 2589.18 2592.47 2595.01 2596.68 2603.4 2605.01 2605.1 2605.1 2606.68 2606.77 2612.6 2612.58 2617.7 2620.19 2639.42 2615.29 2618.6 2623.64 2629.59 2632.05 2607.07 2610.41 2613.75 2616.27 2619.59 2590.38
2603.15 2598.19 2579.04 2529.81 2528.19 2522.33 2548.16 2544.82 2540.66 2536.49 2534.05 2523.23 2521.56 2512.38 2509.89 2509.04 2507.37 2505.75 2502.41 2490.71 2487.34 2512.38 2509.86 2504.93 2499.95 2496.6 2491.53 2489.1 2486.58 2485.75 2517.4 2519.86 2525.75 2528.27 2533.23 2539.95 2546.63 2550.77 2557.48 2561.67 2573.37 2577.56 2582.49 2583.34 2588.33 2592.55 2597.59 2601.7 2602.55 2603.4 2604.25 2604.22 2608.44 2610.9 2613.51 2618.49 2623.56 2641.92 2646.11 2651.97 2628.74 2661.21 2635.45 2607.92 2610.38 2612.93 2616.27 2647.1 2620.49
2604 2598.19 2594.82 2534.85 2529.81 2524.85 2548.19 2544.82 2542.36 2536.52 2532.36 2522.41 2513.23 2511.56 2511.56 2509.12 2507.42 2504.9 2500.71 2499.1 2494.03 2519.12 2514.9 2507.42 2501.62 2494.93 2486.55 2484.93 2482.47 2482.47 2513.29 2514.14 2518.27 2527.45 2530.77 2537.45 2542.38 2548.33 2555.78 2559.18 2570.82 2574.19 2580.05 2581.73 2586.66 2594.22 2596.74 2597.59 2599.26 2600.93 2602.6 2603.45 2609.32 2611.81 2614.33 2620.19 2625.21 2642.74 2649.45 2654.55 2658.68 2665.37 2638.74 2642.11 2612.16 2616.33 2617.18 2648.85 2619.7
2604 2599.01 2595.67 2560.66 2530.66 2527.37 2549.89 2545.67 2543.21 2535.67 2532.38 2524.9 2513.26 2512.41 2510.79 2510.79 2508.27 2504.08 2499.95 2498.25 2493.21 2519.12 2511.62 2506.58 2499.1 2491.56 2487.42 2481.62 2480.77 2480.77 2512.47 2513.29 2516.66 2525.78 2528.3 2534.93 2539.95 2544.08 2554.16 2564.19 2569.21 2575.01 2576.68 2578.38 2587.62 2588.47 2595.97 2595.97 2596.79 2598.49 2600.9 2603.42 2606.82 2610.96 2614.41 2620.22 2624.47 2644.49 2648.63 2656.99 2662.88 2667.12 2641.23 2643.81 2646.33 2618.85 2619.7 2651.37 2651.34
2604 2599.78 2595.67 2559.89 2554.93 2527.37 2552.41 2546.6 2539.86 2533.21 2526.58 2520.79 2517.42 2510.79 2510.79 2509.95 2508.25 2504.93 2500.79 2498.25 2494.05 2519.12 2511.62 2504.96 2499.1 2491.56 2487.42 2482.44 2480.77 2480.77 2511.62 2512.47 2516.66 2523.32 2528.3 2533.23 2539.95 2543.32 2552.47 2563.42 2569.21 2574.16 2575.84 2584.3 2585.95 2588.47 2590.14 2594.33 2595.1 2597.64 2600.99 2601.81 2605.97 2610.16 2613.56 2619.45 2625.29 2646.16 2651.18 2657.07 2662.08 2670.41 2642.14 2647.15 2677.15 2649.62 2650.47 2651.29 2682.99
2604 2601.48 2595.67 2559.89 2554.93 2547.37 2554.08 2547.42 2540.71 2529.86 2524.08 2517.42 2516.6 2511.7 2509.18 2507.48 2506.63 2504.14 2499.95 2499.1 2494.05 2519.97 2511.62 2505.81 2499.1 2492.41 2487.42 2482.44 2482.44 2482.44 2512.47 2513.29 2516.66 2525.86 2529.15 2534.93 2540.79 2543.32 2551.64 2560.05 2564.99 2571.73 2579.29 2580.14 2583.51 2586.82 2588.49 2586.82 2590.19 2593.51 2596 2598.52 2604.27 2608.58 2611.95 2621.07 2626.96 2647.01 2653.7 2659.59 2665.45 2667.97 2644.66 2676.3 2680.47 2649.67 2681.37 2682.99 2682.16
2604 2601.48 2595.67 2559.07 2555.75 2548.19 2555.75 2548.27 2539.1 2527.42 2521.62 2515.75 2512.52 2512.52 2507.51 2504.14 2504.96 2504.14 2502.47 2499.1 2496.58 2521.64 2514.11 2507.42 2501.62 2495.78 2489.95 2485.75 2483.29 2483.29 2512.47 2515.81 2519.97 2525.86 2529.95 2536.6 2542.49 2543.32 2552.49 2561.73 2564.22 2572.63 2575.92 2577.62 2582.68 2584.33 2584.33 2585.97 2588.49 2591.04 2592.74 2596.08 2602.74 2606.05 2611.1 2621.07 2626.96 2646.16 2654.55 2658.74 2665.45 2671.32 2676.33 2678.85 2679.7 2651.37 2680.55 2680.52 2682.99
2604.85 2602.33 2597.37 2559.89 2557.45 2551.56 2569.04 2556.6 2539.1 2526.58 2518.27 2513.37 2509.21 2504.96 2504.96 2505.81 2504.14 2504.96 2504.14 2499.95 2497.4 2523.23 2518.27 2508.27 2504.99 2499.1 2493.26 2488.25 2486.58 2485.75 2515.81 2518.36 2524.16 2528.3 2530.79 2539.1 2543.32 2545.84 2552.49 2561.73 2565.07 2572.66 2575.18 2577.59 2578.49 2578.49 2579.34 2580.19 2584.3 2586.85 2590.22 2594.38 2598.55 2605.21 2611.1 2619.45 2626.19 2646.16 2653.7 2657.89 2664.6 2672.16 2675.48 2651.32 2680.55 2683.07 2653.07 2681.37 2681.37
2605.7 2601.51 2598.22 2561.56 2557.37 2553.23 2574.08 2562.47 2543.34 2528.27 2516.58 2510.03 2503.32 2503.32 2503.32 2504.14 2504.14 2504.14 2504.99 2503.32 2499.1 2524.9 2521.62 2512.47 2506.66 2503.29 2499.95 2496.63 2493.26 2490.79 2520.82 2525.86 2527.53 2529.95 2534.08 2541.64 2542.47 2549.23 2557.51 2560.9 2565.92 2574.33 2575.15 2575.97 2575.12 2576.82 2578.49 2578.49 2580.16 2582.68 2587.7 2591.04 2596.03 2604.36 2610.25 2620.3 2628.68 2637.1 2652.03 2657.89 2664.6 2673.01 2675.48 2650.47 2680.55 2681.4 2681.4 2681.37 2682.22
2605.7 2602.36 2597.37 2562.41 2559.89 2554 2578.3 2567.45 2550.79 2530.68 2516.58 2509.21 2503.32 2503.32 2503.32 2504.14 2505.81 2506.63 2505.81 2503.32 2502.47 2525.75 2523.23 2516.66 2508.27 2505.81 2504.11 2499.95 2499.95 2499.95 2526.68 2527.53 2529.95 2531.64 2539.1 2541.64 2544.99 2550.05 2557.59 2564.25 2571.78 2574.33 2574.3 2575.12 2573.53 2575.15 2576 2576 2577.67 2580.16 2584.38 2589.37 2594.33 2601.04 2612.79 2618.63 2626.19 2635.4 2641.21 2657.04 2664.6 2669.64 2674.68 2648.85 2679.7 2679.7 2681.37 2680.52 2682.16
