assets/server-info/layers/temp_coolest.asc
NCOLS 494
NROWS 531
XLLCORNER -117
YLLCORNER -55.8333
CELLSIZE 0.166667
NODATA_VALUE -99999
[rows 0 to 31 of 531, columns 0 to 70 of 494]
1240 1010 940 970 836.67 953.33 593.33 646.67 1283.33 1280 1340 1376.67 1353.33 1330 1303.33 1316.67 1260 976.67 1266.67 1183.33 1190 1136.67 1186.67 1223.33 1260 1170 1193.33 1183.33 1103.33 1296.67 -99999 -99999 -99999 -99999 -99999 -99999 -99999 -99999 -99999 -99999 -99999 -99999 -99999 -99999 -99999 -99999 -99999 -99999 -99999 -99999 -99999 -99999 -99999 -99999 -99999 -99999 -99999 -99999 -99999 -99999 -99999 -99999 -99999 -99999 -99999 -99999 -99999 -99999 -99999 -99999 -99999
1240 1036.67 863.33 866.67 736.67 683.33 583.33 666.67 1336.67 1356.67 1286.67 1290 1260 1310 1300 1310 1293.33 1263.33 1270 1133.33 1190 1150 1220 1216.67 1160 1133.33 1220 1140 1153.33 1323.33 -99999 -99999 -99999 -99999 -99999 -99999 -99999 -99999 -99999 -99999 -99999 -99999 -99999 -99999 -99999 -99999 -99999 -99999 -99999 -99999 -99999 -99999 -99999 -99999 -99999 -99999 -99999 -99999 -99999 -99999 -99999 -99999 -99999 -99999 -99999 -99999 -99999 -99999 -99999 -99999 -99999
1376.67 1163.33 766.67 856.67 700 550 380 1320 1330 1346.67 1116.67 1333.33 1286.67 1333.33 1306.67 1316.67 1260 1263.33 1270 1163.33 1170 1190 1196.67 1223.33 1136.67 1093.33 1106.67 1253.33 1176.67 1303.33 -99999 -99999 -99999 -99999 -99999 -99999 -99999 -99999 -99999 -99999 -99999 -99999 -99999 -99999 -99999 -99999 -99999 -99999 -99999 -99999 -99999 -99999 -99999 -99999 -99999 -99999 -99999 -99999 -99999 -99999 -99999 -99999 -99999 -99999 -99999 -99999 -99999 -99999 -99999 -99999 -99999
-99999 1300 1063.33 840 840 680 683.33 586.67 736.67 1296.67 1316.67 1280 1293.33 1350 1320 1320 1326.67 1213.33 1280 1166.67 1183.33 1193.33 1243.33 1250 1296.67 1190 1116.67 1163.33 1153.33 1283.33 -99999 -99999 -99999 -99999 -99999 -99999 -99999 -99999 -99999 -99999 -99999 -99999 -99999 -99999 -99999 -99999 -99999 -99999 -99999 -99999 -99999 -99999 -99999 -99999 -99999 -99999 -99999 -99999 -99999 -99999 -99999 -99999 -99999 -99999 -99999 -99999 -99999 -99999 -99999 -99999 -99999
-99999 -99999 1143.33 1130 910 833.33 596.67 333.33 656.67 1136.67 1290 1276.67 1303.33 1356.67 1390 1333.33 1276.67 1190 1250 1223.33 1210 1176.67 1156.67 1226.67 1246.67 1073.33 1103.33 1103.33 1143.33 1153.33 1163.33 1043.33 1030 820 913.33 913.33 910 1066.67 950 693.33 746.67 920 760 756.67 776.67 780 566.67 533.33 753.33 800 766.67 826.67 776.67 763.33 720 803.33 786.67 750 720 650 676.67 706.67 696.67 780 700 700 670 540 570 600 670
-99999 -99999 1266.67 1213.33 896.67 760 633.33 433.33 376.67 1016.67 1110 1160 1193.33 1336.67 1393.33 1363.33 1306.67 1283.33 1373.33 1260 1230 1170 1193.33 1216.67 1243.33 1160 1103.33 1130 1166.67 1163.33 1093.33 1046.67 1033.33 833.33 923.33 913.33 910 910 693.33 743.33 746.67 866.67 756.67 760 763.33 763.33 726.67 493.33 756.67 743.33 770 796.67 840 786.67 853.33 836.67 823.33 753.33 803.33 716.67 716.67 706.67 693.33 693.33 786.67 706.67 706.67 640 573.33 630 673.33
-99999 -99999 1256.67 1040 1060 673.33 510 580 540 420 763.33 1026.67 1140 1256.67 -99999 -99999 -99999 1333.33 1383.33 1406.67 1333.33 1273.33 1186.67 1263.33 1270 1310 1240 1133.33 1170 1130 993.33 1026.67 1050 870 870 913.33 913.33 860 793.33 740 746.67 840 760 756.67 773.33 760 740 936.67 766.67 750 743.33 813.33 833.33 780 880 846.67 830 770 803.33 803.33 720 720 720 716.67 803.33 796.67 710 700 536.67 593.33 673.33
-99999 -99999 -99999 -99999 1063.33 1010 913.33 656.67 656.67 456.67 630 650 1116.67 1270 -99999 -99999 -99999 -99999 -99999 -99999 -99999 1386.67 1286.67 1260 1270 1313.33 1343.33 1183.33 1076.67 986.67 996.67 1043.33 1030 966.67 873.33 910 733.33 906.67 806.67 740 610 713.33 760 760 766.67 753.33 756.67 910 776.67 763.33 756.67 810 776.67 776.67 886.67 886.67 840 773.33 803.33 803.33 810 743.33 773.33 776.67 750 810 806.67 733.33 693.33 606.67 606.67
-99999 -99999 -99999 -99999 1100 1093.33 1146.67 666.67 563.33 493.33 850 903.33 910 1146.67 -99999 -99999 -99999 -99999 -99999 -99999 -99999 1386.67 1406.67 1430 1450 1346.67 1353.33 1330 1186.67 1120 1130 1156.67 1033.33 1000 890 783.33 653.33 810 853.33 736.67 700 760 743.33 753.33 560 733.33 756.67 940 900 773.33 596.67 826.67 813.33 806.67 883.33 886.67 776.67 783.33 800 720 796.67 820 770 770 743.33 636.67 700 776.67 750 703.33 606.67
-99999 -99999 -99999 -99999 1323.33 1183.33 1063.33 826.67 566.67 246.67 843.33 893.33 903.33 1180 -99999 -99999 -99999 -99999 -99999 -99999 -99999 -99999 -99999 1506.67 1523.33 1440 1366.67 1333.33 1186.67 1180 1186.67 1216.67 1106.67 1043.33 833.33 820 866.67 896.67 880 786.67 720 750 753.33 690 703.33 683.33 900 950 813.33 603.33 750 806.67 776.67 846.67 863.33 890 823.33 833.33 766.67 783.33 720 780 793.33 713.33 706.67 610 603.33 516.67 776.67 763.33 640
-99999 -99999 -99999 -99999 -99999 1180 1086.67 936.67 753.33 213.33 -46.67 890 746.67 1030 1203.33 -99999 -99999 -99999 -99999 -99999 -99999 -99999 -99999 -99999 1543.33 1543.33 1420 1383.33 1343.33 1303.33 1183.33 1250 1233.33 1150 1053.33 1083.33 1000 960 786.67 783.33 733.33 976.67 843.33 706.67 713.33 836.67 870 1046.67 1093.33 763.33 826.67 866.67 743.33 743.33 786.67 823.33 756.67 716.67 766.67 750 703.33 763.33 670 673.33 683.33 693.33 616.67 600 606.67 453.33 786.67
-99999 -99999 -99999 -99999 -99999 -99999 1153.33 1026.67 850 640 366.67 363.33 776.67 1100 1283.33 -99999 -99999 -99999 -99999 -99999 -99999 -99999 -99999 1560 1556.67 1583.33 1423.33 1350 1376.67 1373.33 1290 1283.33 1253.33 1180 1070 1096.67 1073.33 1040 833.33 786.67 966.67 1056.67 893.33 930 780 880 933.33 1083.33 1136.67 776.67 763.33 726.67 773.33 700 830 853.33 776.67 860 703.33 746.67 703.33 740 626.67 713.33 746.67 680 680 683.33 623.33 563.33 740
-99999 -99999 -99999 -99999 -99999 -99999 -99999 1130 1000 843.33 686.67 633.33 826.67 1013.33 1236.67 -99999 -99999 -99999 -99999 -99999 -99999 -99999 -99999 -99999 -99999 1556.67 1393.33 1340 1356.67 1330 1223.33 1146.67 1200 1243.33 1216.67 1143.33 1140 1140 956.67 970 846.67 1166.67 1010 1046.67 836.67 920 1146.67 803.33 1106.67 1136.67 776.67 600 760 790 896.67 890 796.67 786.67 850 786.67 723.33 666.67 643.33 643.33 676.67 680 660 673.33 706.67 656.67 676.67
-99999 -99999 -99999 -99999 -99999 -99999 -99999 1230 1186.67 963.33 893.33 866.67 896.67 953.33 1226.67 -99999 -99999 -99999 -99999 -99999 -99999 -99999 -99999 -99999 -99999 1620 1423.33 1393.33 1300 1350 1256.67 1130 1193.33 1263.33 1290 1260 1216.67 1110 1076.67 1053.33 890 1163.33 1216.67 1126.67 1090 1080 1200 823.33 656.67 1136.67 940 613.33 460 643.33 873.33 896.67 820 823.33 970 813.33 780 763.33 743.33 773.33 773.33 650 610 616.67 726.67 756.67 793.33
-99999 -99999 -99999 -99999 -99999 -99999 -99999 1466.67 1323.33 1266.67 1173.33 1040 993.33 910 1240 -99999 -99999 -99999 -99999 -99999 -99999 -99999 -99999 -99999 -99999 1623.33 1400 1333.33 1300 1150 1153.33 1173.33 1100 1153.33 1193.33 1253.33 1203.33 1216.67 1153.33 1160 1160 1223.33 1106.67 1113.33 1243.33 1013.33 1186.67 1010 963.33 1146.67 803.33 600 436.67 583.33 766.67 803.33 813.33 903.33 940 930 783.33 876.67 953.33 1016.67 840 736.67 670 696.67 780 800 716.67
-99999 -99999 -99999 -99999 -99999 -99999 -99999 -99999 1430 1446.67 1306.67 1236.67 1136.67 983.33 1256.67 -99999 -99999 -99999 -99999 -99999 -99999 -99999 -99999 -99999 -99999 -99999 1570 1353.33 1186.67 1186.67 1200 1153.33 1073.33 1113.33 1163.33 1213.33 1290 1283.33 1196.67 1163.33 1210 1356.67 1140 1193.33 1276.67 1023.33 1200 1200 863.33 976.67 796.67 606.67 596.67 553.33 733.33 643.33 893.33 930 946.67 936.67 910 836.67 796.67 836.67 886.67 833.33 796.67 850 830 816.67 726.67
-99999 -99999 -99999 -99999 -99999 -99999 -99999 -99999 1573.33 1486.67 1406.67 1446.67 1203.33 1406.67 1136.67 1256.67 1560 -99999 -99999 -99999 -99999 -99999 -99999 -99999 -99999 -99999 1706.67 1473.33 1446.67 1480 1466.67 1230 1200 1243.33 1713.33 1503.33 1383.33 1406.67 1260 1350 1173.33 1403.33 1180 1176.67 1426.67 1423.33 1140 1196.67 1170 1003.33 656.67 593.33 400 276.67 550 510 576.67 913.33 886.67 870 830 756.67 826.67 710 696.67 686.67 833.33 810 866.67 850 686.67
-99999 -99999 -99999 -99999 -99999 -99999 -99999 -99999 1650 1436.67 1453.33 1450 1173.33 1373.33 1263.33 1336.67 1306.67 1213.33 -99999 -99999 -99999 -99999 -99999 -99999 -99999 -99999 1713.33 1463.33 1466.67 1423.33 1570 1313.33 1300 1583.33 1706.67 1653.33 1433.33 1470 1430 1386.67 1256.67 1250 1336.67 1193.33 1200 1423.33 1130 1263.33 1166.67 1043.33 653.33 646.67 463.33 420 506.67 623.33 593.33 673.33 810 736.67 780 696.67 680 790 716.67 716.67 863.33 860 893.33 876.67 723.33
-99999 -99999 -99999 -99999 -99999 -99999 -99999 -99999 -99999 -99999 1136.67 1383.33 1293.33 1086.67 1333.33 1330 1183.33 1190 1323.33 1490 -99999 1620 -99999 -99999 -99999 -99999 -99999 -99999 1523.33 1566.67 1613.33 1630 1633.33 1630 1606.67 1703.33 1470 1543.33 1506.67 1476.67 1480 1263.33 1360 1286.67 1100 1673.33 1353.33 996.67 1153.33 1080 990 743.33 453.33 586.67 483.33 476.67 560 473.33 720 640 703.33 490 483.33 723.33 726.67 803.33 883.33 940 933.33 836.67 753.33
-99999 -99999 -99999 -99999 -99999 -99999 -99999 -99999 -99999 -99999 -99999 -99999 1593.33 1280 1046.67 1323.33 1010 1013.33 1113.33 1360 -99999 1513.33 1380 -99999 -99999 -99999 -99999 -99999 1830 1613.33 1603.33 1726.67 1696.67 1726.67 1696.67 1703.33 1510 1670 1633.33 1476.67 1496.67 1500 1383.33 1373.33 1410 1400 1240 1100 966.67 1180 1186.67 846.67 556.67 736.67 470 513.33 516.67 443.33 700 616.67 693.33 583.33 490 1320 1320 1330 893.33 1056.67 976.67 930 756.67
-99999 -99999 -99999 -99999 -99999 -99999 -99999 -99999 -99999 -99999 -99999 -99999 -99999 1613.33 1320 1233.33 983.33 1076.67 1093.33 1316.67 1353.33 -99999 1756.67 1353.33 -99999 -99999 -99999 -99999 1876.67 1600 1620 1723.33 1806.67 1743.33 1683.33 1676.67 1713.33 1753.33 1740 1533.33 1573.33 1630 1410 1293.33 1453.33 1060 1230 1213.33 1050 1136.67 953.33 1080 746.67 746.67 550 416.67 500 406.67 663.33 603.33 596.67 586.67 1153.33 1186.67 1343.33 1346.67 840 1080 1073.33 970 863.33
-99999 -99999 -99999 -99999 -99999 -99999 -99999 -99999 -99999 -99999 -99999 -99999 -99999 -99999 1596.67 1256.67 1270 1073.33 1296.67 1200 1286.67 -99999 -99999 1666.67 -99999 -99999 -99999 -99999 1653.33 1696.67 1696.67 1746.67 1800 1710 1696.67 1690 1623.33 1716.67 1750 1576.67 1686.67 1786.67 1556.67 1306.67 1460 1360 1466.67 1406.67 1250 953.33 1300 926.67 876.67 766.67 503.33 470 483.33 490 660 603.33 633.33 556.67 1176.67 1516.67 1403.33 1380 1370 1093.33 1010 993.33 920
-99999 -99999 -99999 -99999 -99999 -99999 -99999 -99999 -99999 -99999 -99999 -99999 -99999 -99999 -99999 -99999 1390 1443.33 1453.33 1450 1130 1186.67 1723.33 -99999 -99999 -99999 -99999 1916.67 1646.67 -99999 1676.67 1880 1883.33 1883.33 1820 1833.33 1783.33 1693.33 1733.33 1596.67 1676.67 1706.67 1810 1563.33 1216.67 1386.67 1360 1523.33 1163.33 1210 1256.67 1083.33 893.33 536.67 430 506.67 560 593.33 626.67 540 520 523.33 550 453.33 713.33 830 823.33 973.33 950 1026.67 1030
-99999 -99999 -99999 -99999 -99999 -99999 -99999 -99999 -99999 -99999 -99999 -99999 -99999 -99999 -99999 -99999 1676.67 1453.33 1570 1453.33 1183.33 813.33 1380 1570 -99999 1836.67 -99999 1906.67 1856.67 -99999 -99999 1866.67 1870 1873.33 1870 1813.33 1796.67 1706.67 1696.67 1700 1553.33 1543.33 1406.67 1540 1153.33 1500 1183.33 1160 1230 1056.67 1163.33 970 846.67 510 553.33 780 596.67 580 473.33 606.67 640 623.33 543.33 550 510 846.67 890 956.67 1060 1036.67 1053.33
-99999 -99999 -99999 -99999 -99999 -99999 -99999 -99999 -99999 -99999 -99999 -99999 -99999 -99999 -99999 -99999 -99999 1716.67 1563.33 1310 946.67 926.67 1323.33 1500 -99999 1783.33 -99999 -99999 -99999 -99999 -99999 -99999 1850 1850 1853.33 1793.33 1766.67 1530 1626.67 1476.67 1513.33 1566.67 1500 1376.67 1270 1560 1486.67 1190 920 1060 1176.67 883.33 956.67 473.33 440 883.33 560 603.33 590 586.67 663.33 633.33 613.33 670 536.67 953.33 923.33 940 1040 976.67 1060
-99999 -99999 -99999 -99999 -99999 -99999 -99999 -99999 -99999 -99999 -99999 -99999 -99999 -99999 -99999 -99999 -99999 -99999 1566.67 1376.67 1240 796.67 763.33 1316.67 1343.33 1556.67 -99999 -99999 -99999 -99999 -99999 -99999 -99999 1833.33 1846.67 1753.33 1713.33 1513.33 1620 1640 1496.67 1580 1600 1450 1410 1703.33 1553.33 1616.67 810 873.33 896.67 1013.33 1140 793.33 660 566.67 640 513.33 566.67 670 706.67 676.67 506.67 666.67 830 836.67 726.67 953.33 986.67 1083.33 1070
-99999 -99999 -99999 -99999 -99999 -99999 -99999 -99999 -99999 -99999 -99999 1266.67 -99999 -99999 -99999 -99999 -99999 -99999 1626.67 1480 1203.33 1186.67 1286.67 1426.67 1220 1420 -99999 -99999 -99999 -99999 -99999 -99999 -99999 -99999 1816.67 1686.67 1666.67 1503.33 1550 1696.67 1470 1563.33 1620 1703.33 1443.33 1236.67 1576.67 1246.67 860 800 940 983.33 1183.33 750 636.67 580 393.33 560 600 576.67 620 603.33 660 780 800 906.67 873.33 980 1010 1080 1076.67
-99999 -99999 -99999 -99999 -99999 -99999 -99999 -99999 -99999 -99999 1673.33 1273.33 -99999 -99999 -99999 -99999 -99999 1716.67 1660 1520 1463.33 1433.33 1313.33 1406.67 1443.33 1323.33 -99999 -99999 -99999 -99999 -99999 -99999 -99999 -99999 -99999 1663.33 1406.67 1510 1653.33 1636.67 1326.67 1556.67 1676.67 1690 1713.33 1573.33 1566.67 1260 990 753.33 1146.67 1273.33 1233.33 803.33 693.33 530 500 393.33 493.33 536.67 596.67 613.33 736.67 806.67 843.33 823.33 956.67 990 1060 1043.33 1043.33
-99999 -99999 -99999 -99999 -99999 -99999 -99999 -99999 -99999 -99999 -99999 -99999 -99999 -99999 -99999 -99999 -99999 1663.33 1693.33 1636.67 1546.67 1520 1490 1466.67 1466.67 1330 -99999 -99999 -99999 -99999 -99999 -99999 -99999 -99999 -99999 -99999 -99999 1606.67 1786.67 1733.33 1650 1486.67 1696.67 1870 1616.67 1350 1200 1386.67 1223.33 1190 1360 1260 1423.33 1063.33 670 570 426.67 456.67 436.67 466.67 660 650 850 746.67 830 790 923.33 946.67 996.67 943.33 1000
-99999 -99999 -99999 -99999 -99999 -99999 -99999 -99999 -99999 -99999 -99999 -99999 1746.67 1656.67 1486.67 1516.67 1636.67 1696.67 1696.67 1666.67 1580 1520 1493.33 1386.67 1290 1360 1380 -99999 -99999 -99999 -99999 -99999 -99999 -99999 -99999 -99999 -99999 -99999 -99999 1783.33 1706.67 1683.33 1720 1880 1593.33 1560 1480 1350 1423.33 1413.33 1670 1363.33 1173.33 606.67 693.33 646.67 460 540 530 570 726.67 480 756.67 810 776.67 900 900 896.67 956.67 996.67 970
-99999 -99999 -99999 -99999 -99999 -99999 -99999 -99999 -99999 -99999 -99999 -99999 -99999 -99999 1493.33 1250 1520 1576.67 1636.67 1666.67 1613.33 1526.67 1503.33 1320 816.67 1183.33 1223.33 1456.67 1713.33 -99999 -99999 -99999 -99999 -99999 -99999 -99999 -99999 -99999 1826.67 1786.67 1763.33 1726.67 1740 1913.33 1610 1410 1726.67 1540 1900 1910 1726.67 1600 1423.33 1180 690 783.33 573.33 613.33 620 696.67 703.33 733.33 943.33 920 956.67 940 853.33 956.67 1000 983.33 943.33
-99999 -99999 -99999 -99999 -99999 -99999 -99999 -99999 -99999 -99999 -99999 -99999 -99999 -99999 -99999 -99999 1363.33 1416.67 1556.67 1610 1560 1560 1533.33 1510 1403.33 1063.33 1306.67 1310 1380 -99999 -99999 -99999 -99999 -99999 -99999 -99999 -99999 -99999 -99999 1856.67 1796.67 1846.67 1833.33 1906.67 1680 1693.33 1820 1716.67 1883.33 1956.67 2226.67 2253.33 1710 1353.33 1023.33 723.33 790 810 826.67 766.67 716.67 720 893.33 850 980 920 936.67 1010 1090 1050 966.67
