assets/server-info/layers/temp_hotest.asc
NCOLS 494
NROWS 531
XLLCORNER -117
YLLCORNER -55.8333
CELLSIZE 0.166667
NODATA_VALUE -99999
[rows 224 to 255 of 531, columns 213 to 283 of 494]
-99999 -99999 2576.67 2560 2606.67 2680 2656.67 2600 2376.67 1650 1670 1743.33 1050 1640 2176.67 1746.67 1953.33 2153.33 2080 2350 2366.67 2600 2460 2410 2696.67 2723.33 2733.33 2736.67 2730 2716.67 2743.33 2736.67 2730 2736.67 2720 2716.67 2740 2740 2693.33 2700 2706.67 2710 2720 2730 2753.33 2760 2766.67 2766.67 2766.67 2756.67 2746.67 2743.33 2736.67 2733.33 2733.33 2730 2753.33 2753.33 2760 2750 2743.33 2710 2706.67 2680 2640 2640 2636.67 2663.33 2663.33 2630 2656.67
-99999 -99999 2633.33 2656.67 2636.67 2703.33 2750 2740 2066.67 1036.67 1573.33 1550 1040 1446.67 2213.33 1846.67 2193.33 2050 2166.67 2366.67 2446.67 2583.33 2390 2416.67 2730 2730 2736.67 2743.33 2786.67 2726.67 2753.33 2750 2743.33 2733.33 2740 2736.67 2756.67 2753.33 2736.67 2706.67 2713.33 2720 2726.67 2746.67 2763.33 2770 2773.33 2783.33 2783.33 2770 2760 2746.67 2743.33 2736.67 2763.33 2733.33 2733.33 2723.33 2753.33 2733.33 2730 2716.67 2683.33 2650 2646.67 2640 2663.33 2663.33 2630 2630 2630
-99999 -99999 2653.33 2653.33 2696.67 2756.67 2646.67 2736.67 2670 1806.67 1480 1253.33 1106.67 1276.67 1930 2120 2356.67 2156.67 2423.33 2250 2256.67 2350 2303.33 2120 2490 2683.33 2746.67 2750 2823.33 2813.33 2760 2756.67 2750 2740 2750 2743.33 2773.33 2766.67 2766.67 2750 2720 2730 2736.67 2750 2766.67 2750 2783.33 2793.33 2790 2776.67 2766.67 2726.67 2746.67 2743.33 2736.67 2736.67 2733.33 2723.33 2750 2710 2700 2696.67 2686.67 2680 2653.33 2650 2670 2663.33 2630 2630 2630
-99999 -99999 2590 2716.67 2753.33 2770 2616.67 2670 2650 2383.33 2426.67 1766.67 1313.33 1293.33 1850 2153.33 1786.67 2463.33 2516.67 2330 1936.67 1953.33 1910 2050 2176.67 2326.67 2623.33 2793.33 2790 2803.33 2796.67 2760 2753.33 2763.33 2760 2753.33 2780 2776.67 2773.33 2756.67 2756.67 2736.67 2746.67 2750 2766.67 2750 2783.33 2790 2783.33 2773.33 2766.67 2730 2753.33 2743.33 2743.33 2736.67 2736.67 2726.67 2713.33 2710 2700 2700 2686.67 2680 2686.67 2650 2680 2640 2640 2640 2613.33
-99999 -99999 -99999 2753.33 2770 2750 2680 2593.33 2613.33 2420 2486.67 2026.67 1596.67 1426.67 2100 2330 2593.33 2686.67 2420 2010 1580 1686.67 1846.67 1966.67 2140 2163.33 2376.67 2540 2683.33 2780 2760 2773.33 2750 2756.67 2760 2753.33 2753.33 2780 2780 2780 2763.33 2740 2746.67 2756.67 2766.67 2746.67 2750 2780 2753.33 2746.67 2736.67 2733.33 2720 2746.67 2743.33 2743.33 2736.67 2726.67 2716.67 2710 2703.33 2700 2693.33 2663.33 2686.67 2653.33 2633.33 2630 2630 2626.67 2613.33
-99999 -99999 -99999 -99999 2766.67 2770 2743.33 2686.67 2610 2653.33 2416.67 2000 1700 1033.33 1426.67 1896.67 2196.67 2643.33 2276.67 1696.67 1356.67 1706.67 1496.67 2106.67 2053.33 2180 2173.33 2380 2586.67 2753.33 2726.67 2703.33 2746.67 2750 2723.33 2733.33 2733.33 2763.33 2793.33 2790 2760 2743.33 2746.67 2720 2736.67 2706.67 2746.67 2746.67 2746.67 2740 2736.67 2730 2720 2746.67 2743.33 2743.33 2706.67 2706.67 2676.67 2676.67 2666.67 2663.33 2663.33 2690 2636.67 2633.33 2630 2626.67 2626.67 2626.67 2606.67
-99999 -99999 -99999 -99999 2760 2760 2723.33 2743.33 2750 2750 2496.67 1610 1823.33 1340 1443.33 1883.33 2290 2283.33 2450 2206.67 1523.33 1656.67 1506.67 1586.67 2143.33 2203.33 2183.33 2216.67 2380 2650 2720 2710 2723.33 2703.33 2693.33 2703.33 2730 2770 2796.67 2766.67 2763.33 2743.33 2716.67 2720 2706.67 2706.67 2706.67 2736.67 2736.67 2690 2686.67 2676.67 2666.67 2656.67 2680 2706.67 2703.33 2700 2686.67 2640 2666.67 2663.33 2660 2656.67 2630 2626.67 2626.67 2626.67 2626.67 2603.33 2603.33
-99999 -99999 2453.33 2720 2686.67 2680 2643.33 2680 2653.33 2660 2593.33 1970 1606.67 1710 1480 2146.67 2123.33 2083.33 1770 2030 2093.33 1673.33 1340 1086.67 1510 2176.67 2306.67 2190 2350 2516.67 2723.33 2710 2690 2703.33 2696.67 2710 2733.33 2766.67 2800 2743.33 2743.33 2740 2690 2700 2656.67 2686.67 2686.67 2686.67 2683.33 2650 2643.33 2633.33 2630 2623.33 2646.67 2670 2663.33 2690 2650 2606.67 2660 2656.67 2656.67 2600 2576.67 2603.33 2603.33 2626.67 2603.33 2603.33 2603.33
-99999 -99999 2410 2633.33 2713.33 2670 2626.67 2596.67 2583.33 2586.67 2480 2090 943.33 1083.33 1766.67 1280 1463.33 1206.67 1240 1546.67 1190 1696.67 1506.67 1253.33 1213.33 1846.67 2226.67 2226.67 2223.33 2203.33 2696.67 2716.67 2690 2723.33 2713.33 2726.67 2770 2776.67 2783.33 2780 2776.67 2733.33 2686.67 2653.33 2673.33 2646.67 2616.67 2640 2666.67 2656.67 2626.67 2623.33 2610 2606.67 2600 2626.67 2653.33 2593.33 2606.67 2600 2626.67 2600 2600 2566.67 2543.33 2573.33 2600 2623.33 2603.33 2603.33 2603.33
-99999 -99999 -99999 -99999 2653.33 2670 2620 2573.33 2570 2543.33 2503.33 2220 1170 706.67 1580 1656.67 1550 1580 1226.67 1200 1186.67 1606.67 1433.33 1320 1506.67 1726.67 2030 2140 2220 2373.33 2293.33 2753.33 2743.33 2776.67 2773.33 2746.67 2753.33 2783.33 2790 2786.67 2736.67 2736.67 2656.67 2653.33 2700 2663.33 2606.67 2626.67 2656.67 2646.67 2606.67 2600 2593.33 2586.67 2586.67 2583.33 2606.67 2576.67 2570 2600 2590 2560 2560 2560 2563.33 2540 2596.67 2596.67 2596.67 2596.67 2600
-99999 -99999 -99999 -99999 -99999 -99999 2596.67 2580 2553.33 2523.33 2503.33 2336.67 1796.67 856.67 1046.67 1536.67 1450 1240 1243.33 1536.67 1263.33 1410 1640 1410 1706.67 1936.67 1950 2156.67 2150 2463.33 2296.67 2353.33 2580 2770 2753.33 2743.33 2766.67 2770 2793.33 2750 2743.33 2713.33 2653.33 2666.67 2663.33 2603.33 2563.33 2610 2606.67 2626.67 2586.67 2586.67 2573.33 2563.33 2563.33 2563.33 2563.33 2556.67 2556.67 2560 2553.33 2556.67 2556.67 2586.67 2573.33 2573.33 2583.33 2593.33 2596.67 2596.67 2593.33
-99999 -99999 -99999 -99999 -99999 -99999 -99999 -99999 2573.33 2550 2503.33 2326.67 2286.67 1860 1443.33 1566.67 1273.33 826.67 1086.67 920 1330 1000 1496.67 1250 1716.67 2023.33 1873.33 2133.33 2206.67 2416.67 2730 2660 2523.33 2446.67 2550 2760 2756.67 2770 2793.33 2776.67 2686.67 2626.67 2650 2663.33 2630 2563.33 2550 2593.33 2590 2576.67 2563.33 2560 2553.33 2550 2550 2550 2543.33 2540 2543.33 2550 2550 2546.67 2573.33 2563.33 2596.67 2563.33 2576.67 2580 2580 2590 2593.33
-99999 -99999 -99999 -99999 -99999 -99999 -99999 -99999 -99999 2516.67 2420 2530 2140 2170 1570 1100 830 833.33 936.67 1106.67 1513.33 1190 1013.33 1266.67 1716.67 2176.67 1996.67 2140 2246.67 2466.67 2566.67 2616.67 2276.67 2340 2513.33 2613.33 2556.67 2620 2773.33 2793.33 2690 2600 2590 2663.33 2613.33 2553.33 2543.33 2550 2563.33 2556.67 2543.33 2533.33 2526.67 2523.33 2520 2523.33 2533.33 2526.67 2533.33 2540 2566.67 2530 2553.33 2560 2590 2563.33 2573.33 2576.67 2573.33 2603.33 2593.33
-99999 -99999 -99999 -99999 -99999 -99999 -99999 -99999 -99999 -99999 2490 2606.67 2523.33 1970 1573.33 703.33 856.67 773.33 636.67 953.33 1423.33 1523.33 946.67 1280 1736.67 2236.67 2213.33 2143.33 2493.33 2586.67 2733.33 2686.67 2500 2490 2476.67 2550 2516.67 2403.33 2740 2710 2630 2570 2586.67 2653.33 2613.33 2543.33 2526.67 2503.33 2570 2540 2523.33 2510 2503.33 2503.33 2503.33 2503.33 2513.33 2513.33 2553.33 2556.67 2583.33 2553.33 2553.33 2553.33 2583.33 2560 2570 2573.33 2570 2570 2556.67
-99999 -99999 -99999 -99999 -99999 -99999 -99999 -99999 -99999 -99999 -99999 2613.33 2506.67 2296.67 1656.67 1456.67 1056.67 993.33 1186.67 813.33 940 1260 446.67 1540 1710 2046.67 2453.33 2266.67 2630 2680 2653.33 2653.33 2583.33 2570 2436.67 2620 2610 2596.67 2796.67 2680 2523.33 2506.67 2503.33 2623.33 2606.67 2533.33 2513.33 2493.33 2470 2473.33 2503.33 2493.33 2483.33 2476.67 2483.33 2493.33 2500 2526.67 2543.33 2540 2543.33 2553.33 2553.33 2560 2553.33 2553.33 2553.33 2553.33 2530 2526.67 2526.67
-99999 -99999 -99999 -99999 -99999 -99999 -99999 -99999 -99999 -99999 -99999 2643.33 2546.67 2056.67 1930 1373.33 1743.33 1210 1153.33 1130 730 1093.33 963.33 1303.33 1883.33 2223.33 2403.33 2463.33 2610 2653.33 2626.67 2650 2600 2460 2393.33 2590 2650 2720 2770 2746.67 2616.67 2503.33 2493.33 2460 2576.67 2530 2483.33 2486.67 2453.33 2460 2493.33 2473.33 2466.67 2463.33 2496.67 2503.33 2513.33 2523.33 2500 2530 2503.33 2516.67 2550 2553.33 2546.67 2553.33 2553.33 2553.33 2553.33 2553.33 2553.33
-99999 -99999 -99999 -99999 -99999 -99999 -99999 -99999 -99999 -99999 -99999 -99999 2440 1750 1330 1396.67 940 923.33 823.33 976.67 1210 1253.33 1093.33 796.67 1313.33 2143.33 2053.33 2460 2583.33 2496.67 2600 2656.67 2636.67 2513.33 2506.67 2453.33 2600 2690 2760 2776.67 2643.33 2573.33 2486.67 2456.67 2546.67 2530 2500 2480 2450 2450 2480 2463.33 2453.33 2453.33 2456.67 2493.33 2503.33 2513.33 2493.33 2503.33 2503.33 2513.33 2546.67 2540 2546.67 2553.33 2553.33 2550 2553.33 2553.33 2553.33
-99999 -99999 -99999 -99999 -99999 -99999 -99999 -99999 -99999 -99999 -99999 -99999 2220 2176.67 1703.33 1513.33 1476.67 1406.67 813.33 836.67 1080 726.67 1270 1070 1070 1570 2063.33 2263.33 2586.67 2406.67 2440 2656.67 2633.33 2583.33 2463.33 2406.67 2590 2683.33 2746.67 2763.33 2653.33 2536.67 2476.67 2486.67 2566.67 2543.33 2516.67 2486.67 2473.33 2443.33 2473.33 2456.67 2450 2450 2483.33 2463.33 2473.33 2506.67 2490 2500 2503.33 2543.33 2513.33 2510 2543.33 2546.67 2546.67 2550 2550 2553.33 2553.33
-99999 -99999 -99999 -99999 -99999 -99999 -99999 -99999 -99999 -99999 -99999 -99999 -99999 2380 2170 1523.33 566.67 876.67 766.67 556.67 890 703.33 933.33 1046.67 1080 1576.67 2066.67 1923.33 2496.67 2493.33 2460 2586.67 2633.33 2620 2543.33 2346.67 2580 2753.33 2736.67 2753.33 2703.33 2610 2600 2590 2566.67 2546.67 2510 2510 2453.33 2450 2473.33 2456.67 2450 2450 2453.33 2433.33 2443.33 2483.33 2490 2496.67 2503.33 2506.67 2513.33 2503.33 2526.67 2543.33 2516.67 2553.33 2553.33 2553.33 2553.33
-99999 -99999 -99999 -99999 -99999 -99999 -99999 -99999 -99999 -99999 -99999 -99999 -99999 2273.33 1913.33 1030 753.33 300 343.33 373.33 216.67 473.33 743.33 1283.33 760 1523.33 1463.33 1786.67 2446.67 2646.67 2323.33 2406.67 2610 2653.33 2573.33 2293.33 2653.33 2720 2700 2743.33 2713.33 2653.33 2613.33 2633.33 2590 2546.67 2520 2490 2490 2453.33 2490 2470 2456.67 2486.67 2433.33 2443.33 2420 2486.67 2493.33 2500 2503.33 2510 2516.67 2510 2513.33 2516.67 2523.33 2526.67 2523.33 2533.33 2530
-99999 -99999 -99999 -99999 -99999 -99999 -99999 -99999 -99999 -99999 -99999 -99999 -99999 -99999 2053.33 1816.67 1230 73.33 363.33 130 540 253.33 650 1333.33 760 943.33 880 1553.33 2036.67 2490 2360 2283.33 2453.33 2623.33 2613.33 2403.33 2650 2623.33 2686.67 2723.33 2673.33 2666.67 2663.33 2633.33 2380 2200 2276.67 2433.33 2533.33 2530 2503.33 2480 2473.33 2500 2473.33 2446.67 2453.33 2430 2463.33 2470 2480 2473.33 2483.33 2483.33 2490 2493.33 2500 2500 2500 2500 2500
-99999 -99999 -99999 -99999 -99999 -99999 -99999 -99999 -99999 -99999 -99999 -99999 -99999 -99999 -99999 1950 1383.33 1063.33 333.33 130 700 373.33 270 756.67 1283.33 780 790 1460 1816.67 2340 2510 2303.33 2296.67 2443.33 2596.67 2530 2580 2556.67 2666.67 2706.67 2666.67 2666.67 2666.67 2633.33 2546.67 2483.33 2443.33 2496.67 2550 2553.33 2553.33 2533.33 2516.67 2513.33 2493.33 2453.33 2460 2440 2466.67 2466.67 2473.33 2480 2483.33 2490 2496.67 2496.67 2500 2503.33 2503.33 2500 2503.33
-99999 -99999 -99999 -99999 -99999 -99999 -99999 -99999 -99999 -99999 -99999 -99999 -99999 -99999 -99999 2153.33 2006.67 1690 656.67 390 896.67 86.67 240 633.33 1333.33 973.33 803.33 1253.33 1580 1823.33 2356.67 2470 2263.33 2236.67 2560 2586.67 2513.33 2500 2676.67 2710 2673.33 2663.33 2666.67 2670 2633.33 2566.67 2450 2503.33 2510 2453.33 2546.67 2496.67 2543.33 2536.67 2476.67 2480 2463.33 2446.67 2463.33 2473.33 2476.67 2483.33 2490 2493.33 2496.67 2500 2503.33 2500 2503.33 2503.33 2503.33
-99999 -99999 -99999 -99999 -99999 -99999 -99999 -99999 -99999 -99999 -99999 -99999 -99999 -99999 -99999 -99999 1966.67 1733.33 1260 916.67 770 526.67 326.67 633.33 1020 1263.33 910 920 1170 1580 2310 2473.33 2400 2240 2426.67 2586.67 2516.67 2560 2530 2636.67 2653.33 2673.33 2666.67 2663.33 2633.33 2546.67 2503.33 2513.33 2470 2466.67 2560 2516.67 2563.33 2530 2500 2490 2480 2450 2476.67 2480 2483.33 2486.67 2493.33 2496.67 2500 2500 2503.33 2506.67 2506.67 2503.33 2500
-99999 -99999 -99999 -99999 -99999 -99999 -99999 -99999 -99999 -99999 -99999 -99999 -99999 -99999 -99999 -99999 -99999 1660 1536.67 1046.67 820 1253.33 346.67 723.33 723.33 866.67 1276.67 923.33 1336.67 1656.67 2050 2456.67 2420 2373.33 2233.33 2556.67 2570 2503.33 2546.67 2550 2636.67 2676.67 2680 2666.67 2640 2630 2593.33 2513.33 2476.67 2456.67 2523.33 2540 2586.67 2550 2516.67 2500 2456.67 2460 2483.33 2486.67 2490 2490 2500 2500 2503.33 2503.33 2506.67 2510 2506.67 2503.33 2500
-99999 -99999 -99999 -99999 -99999 -99999 -99999 -99999 -99999 -99999 -99999 -99999 -99999 -99999 -99999 -99999 -99999 1743.33 1506.67 1300 900 733.33 420 263.33 783.33 970 1446.67 1263.33 1250 1573.33 1713.33 2326.67 2430 2373.33 2260 2243.33 2273.33 2590 2543.33 2566.67 2663.33 2640 2690 2666.67 2610 2636.67 2586.67 2606.67 2510 2496.67 2486.67 2556.67 2606.67 2566.67 2506.67 2516.67 2496.67 2473.33 2460 2490 2496.67 2500 2503.33 2506.67 2506.67 2510 2510 2510 2513.33 2503.33 2506.67
-99999 -99999 -99999 -99999 -99999 -99999 -99999 -99999 -99999 -99999 -99999 -99999 -99999 -99999 -99999 -99999 -99999 -99999 2070 1903.33 2020 573.33 843.33 0 926.67 863.33 1113.33 1516.67 1250 983.33 1880 2023.33 2283.33 2453.33 2350 2036.67 2016.67 2530 2553.33 2613.33 2600 2646.67 2673.33 2666.67 2593.33 2500 2490 2533.33 2573.33 2566.67 2556.67 2513.33 2536.67 2526.67 2550 2503.33 2456.67 2423.33 2496.67 2500 2526.67 2533.33 2533.33 2486.67 2546.67 2546.67 2546.67 2546.67 2570 2573.33 2566.67
-99999 -99999 -99999 -99999 -99999 -99999 -99999 -99999 -99999 -99999 -99999 -99999 -99999 -99999 -99999 -99999 -99999 -99999 2346.67 2210 1740 810 720 666.67 250 356.67 946.67 1263.33 1423.33 903.33 1293.33 1530 1753.33 2243.33 2060 2036.67 1706.67 2210 2583.33 2590 2456.67 2523.33 2680 2680 2603.33 2556.67 2496.67 2490 2506.67 2473.33 2456.67 2503.33 2550 2543.33 2566.67 2516.67 2466.67 2443.33 2500 2503.33 2533.33 2540 2546.67 2490 2550 2550 2580 2553.33 2550 2550 2543.33
-99999 -99999 -99999 -99999 -99999 -99999 -99999 -99999 -99999 -99999 -99999 -99999 -99999 -99999 -99999 -99999 -99999 -99999 -99999 2590 2126.67 806.67 386.67 906.67 33.33 623.33 1110 843.33 1090 1000 1226.67 2036.67 2073.33 2250 1996.67 1820 1723.33 2193.33 2563.33 2613.33 2443.33 2456.67 2660 2693.33 2610 2583.33 2556.67 2496.67 2490 2480 2473.33 2513.33 2563.33 2560 2553.33 2523.33 2453.33 2476.67 2503.33 2503.33 2540 2546.67 2546.67 2496.67 2556.67 2556.67 2556.67 2556.67 2556.67 2553.33 2560
-99999 -99999 -99999 -99999 -99999 -99999 -99999 -99999 -99999 -99999 -99999 -99999 -99999 -99999 -99999 -99999 -99999 -99999 -99999 2496.67 2283.33 1730 816.67 670 643.33 403.33 760 320 1093.33 1086.67 926.67 1256.67 1566.67 1860 1833.33 1720 1620 2043.33 2496.67 2660 2540 2466.67 2513.33 2670 2723.33 2613.33 2563.33 2563.33 2496.67 2490 2480 2526.67 2520 2533.33 2486.67 2483.33 2480 2456.67 2426.67 2510 2546.67 2546.67 2550 2496.67 2500 2503.33 2530 2556.67 2576.67 2546.67 2540
-99999 -99999 -99999 -99999 -99999 -99999 -99999 -99999 -99999 -99999 -99999 -99999 -99999 -99999 -99999 -99999 -99999 -99999 -99999 2560 2446.67 1766.67 666.67 456.67 723.33 360 346.67 400 913.33 1273.33 1133.33 1493.33 1460 1606.67 1563.33 1443.33 1753.33 2133.33 2553.33 2703.33 2480 2420 2470 2613.33 2723.33 2616.67 2590 2570 2570 2520 2540 2510 2606.67 2550 2466.67 2436.67 2413.33 2433.33 2433.33 2516.67 2553.33 2520 2526.67 2496.67 2503.33 2506.67 2536.67 2553.33 2576.67 2550 2550
-99999 -99999 -99999 -99999 -99999 -99999 -99999 -99999 -99999 -99999 -99999 -99999 -99999 -99999 -99999 -99999 -99999 -99999 -99999 -99999 2390 1943.33 1436.67 660 673.33 323.33 320 550 1083.33 1036.67 1323.33 1523.33 1320 1220 776.67 1643.33 2166.67 2503.33 2666.67 2713.33 2493.33 2393.33 2420 2616.67 2700 2673.33 2593.33 2573.33 2573.33 2573.33 2546.67 2543.33 2536.67 2526.67 2473.33 2450 2413.33 2493.33 2463.33 2496.67 2496.67 2446.67 2506.67 2506.67 2510 2533.33 2556.67 2556.67 2580 2556.67 2553.33
