assets/server-info/layers/temp_coolest.asc
NCOLS 494
NROWS 531
XLLCORNER -117
YLLCORNER -55.8333
CELLSIZE 0.166667
NODATA_VALUE -99999
[rows 352 to 383 of 531, columns 284 to 354 of 494]
936.67 476.67 -26.67 30 -436.67 -296.67 -470 -673.33 -530 -110 13.33 -280 -170 -6.67 -250 -756.67 -753.33 -670 -513.33 -246.67 -676.67 -236.67 866.67 623.33 970 1206.67 1343.33 980 600 1220 1326.67 1403.33 1446.67 1410 1516.67 1576.67 1616.67 1620 1640 1640 1653.33 1656.67 1653.33 1653.33 1673.33 1673.33 1680 1706.67 1700 1670 1646.67 1633.33 1650 1643.33 1640 1640 1636.67 1630 1643.33 1666.67 1673.33 1676.67 1716.67 1716.67 1706.67 1696.67 1706.67 1726.67 1733.33 1736.67 1750
900 520 496.67 443.33 -123.33 -523.33 -450 -833.33 -836.67 -16.67 -100 -263.33 -120 -60 -153.33 -513.33 -596.67 -580 -660 -263.33 -346.67 -256.67 753.33 423.33 880 1310 1466.67 933.33 983.33 1230 1333.33 1413.33 1456.67 1450 1473.33 1540 1583.33 1620 1623.33 1643.33 1646.67 1650 1656.67 1650 1676.67 1676.67 1680 1703.33 1696.67 1673.33 1650 1616.67 1630 1626.67 1626.67 1623.33 1613.33 1610 1613.33 1660 1670 1676.67 1686.67 1690 1693.33 1693.33 1693.33 1716.67 1730 1726.67 1733.33
986.67 516.67 476.67 400 -93.33 -560 -703.33 -750 -850 -206.67 -556.67 -280 -136.67 -83.33 -316.67 -566.67 -413.33 -410 -493.33 -490 -393.33 203.33 546.67 403.33 856.67 1360 1493.33 986.67 1033.33 1273.33 1363.33 1416.67 1436.67 1483.33 1503.33 1540 1580 1603.33 1630 1643.33 1646.67 1646.67 1650 1653.33 1673.33 1673.33 1670 1700 1686.67 1666.67 1623.33 1610 1623.33 1616.67 1613.33 1610 1603.33 1603.33 1610 1643.33 1643.33 1676.67 1676.67 1686.67 1690 1690 1696.67 1710 1713.33 1723.33 1730
133.33 423.33 40 53.33 -190 -580 -906.67 -686.67 -523.33 -483.33 -530 -306.67 -126.67 -146.67 -490 -750 -253.33 -330 -673.33 -243.33 20 270 363.33 33.33 620 860 1073.33 1036.67 1123.33 1373.33 1366.67 1456.67 1476.67 1536.67 1520 1533.33 1576.67 1603.33 1630 1646.67 1646.67 1646.67 1646.67 1643.33 1670 1663.33 1660 1686.67 1673.33 1633.33 1610 1596.67 1610 1603.33 1600 1600 1596.67 1596.67 1603.33 1633.33 1636.67 1646.67 1670 1683.33 1680 1686.67 1690 1686.67 1703.33 1703.33 1710
353.33 146.67 -36.67 93.33 -390 -546.67 -933.33 -883.33 -900 -766.67 -640 -376.67 -403.33 -286.67 -496.67 -756.67 -236.67 -426.67 -513.33 83.33 -160 260 96.67 13.33 670 816.67 1203.33 1240 1276.67 1323.33 1460 1466.67 1530 1530 1573.33 1526.67 1573.33 1596.67 1616.67 1640 1646.67 1646.67 1636.67 1626.67 1653.33 1643.33 1633.33 1660 1640 1643.33 1623.33 1580 1600 1600 1596.67 1596.67 1593.33 1590 1586.67 1630 1633.33 1620 1633.33 1640 1646.67 1673.33 1676.67 1683.33 1683.33 1693.33 1703.33
266.67 80 -123.33 200 -463.33 -676.67 -710 -716.67 -753.33 -453.33 -490 -226.67 -346.67 -623.33 -646.67 -560 -220 -220 -233.33 236.67 -6.67 250 -423.33 170 836.67 1413.33 1303.33 1326.67 1303.33 1353.33 1460 1493.33 1520 1516.67 1540 1550 1543.33 1563.33 1586.67 1620 1630 1623.33 1616.67 1613.33 1640 1630 1623.33 1636.67 1620 1620 1606.67 1596.67 1596.67 1593.33 1596.67 1593.33 1590 1590 1573.33 1610 1606.67 1603.33 1623.33 1623.33 1633.33 1640 1663.33 1680 1686.67 1696.67 1693.33
213.33 43.33 -366.67 -180 -540 -780 -796.67 -923.33 -790 -653.33 -580 306.67 110 -486.67 -386.67 -386.67 196.67 113.33 270 430 263.33 -570 -56.67 613.33 1326.67 1413.33 1420 1380 1406.67 1403.33 1450 1480 1510 1510 1536.67 1543.33 1556.67 1550 1566.67 1603.33 1620 1623.33 1616.67 1653.33 1610 1616.67 1630 1616.67 1626.67 1600 1593.33 1580 1580 1583.33 1620 1616.67 1613.33 1603.33 1600 1610 1603.33 1600 1606.67 1613.33 1620 1626.67 1643.33 1660 1663.33 1656.67 1690
53.33 -193.33 -553.33 -610 -780 -783.33 -780 -613.33 -476.67 -400 -180 540 670 20 -466.67 -213.33 533.33 366.67 193.33 -63.33 -66.67 -743.33 753.33 1170 1360 1416.67 1396.67 1380 1436.67 1403.33 1446.67 1476.67 1500 1496.67 1523.33 1530 1543.33 1560 1550 1560 1590 1596.67 1586.67 1616.67 1583.33 1580 1613.33 1600 1610 1586.67 1570 1553.33 1546.67 1543.33 1586.67 1593.33 1593.33 1596.67 1590 1603.33 1600 1593.33 1596.67 1603.33 1610 1620 1623.33 1630 1636.67 1636.67 1660
-336.67 -346.67 -700 -663.33 -646.67 -643.33 -780 -640 -413.33 -433.33 -43.33 593.33 726.67 10 -566.67 436.67 690 363.33 193.33 110 -56.67 96.67 740 1243.33 1373.33 1433.33 1410 1376.67 1423.33 1406.67 1430 1446.67 1476.67 1476.67 1506.67 1520 1533.33 1513.33 1520 1533.33 1553.33 1560 1553.33 1580 1553.33 1553.33 1570 1586.67 1593.33 1573.33 1546.67 1523.33 1503.33 1490 1533.33 1556.67 1573.33 1580 1580 1600 1593.33 1590 1586.67 1576.67 1603.33 1643.33 1623.33 1620 1623.33 1626.67 1630
-360 -293.33 -640 -763.33 -573.33 -440 -540 -653.33 -586.67 -373.33 -70 646.67 753.33 -166.67 -43.33 520 600 596.67 763.33 926.67 606.67 516.67 893.33 1036.67 1340 1406.67 1463.33 1450 1413.33 1363.33 1400 1406.67 1436.67 1446.67 1473.33 1470 1486.67 1496.67 1493.33 1500 1516.67 1520 1543.33 1540 1523.33 1523.33 1550 1526.67 1550 1540 1523.33 1510 1483.33 1466.67 1510 1536.67 1563.33 1570 1573.33 1586.67 1583.33 1583.33 1580 1573.33 1550 1610 1613.33 1616.67 1616.67 1620 1626.67
-183.33 -376.67 -690 -740 -800 -690 -796.67 -653.33 -510 -220 -103.33 506.67 793.33 330 463.33 930 1000 1000 1140 1140 1143.33 420 876.67 933.33 1266.67 1346.67 1423.33 1393.33 1320 1276.67 1333.33 1390 1416.67 1426.67 1460 1466.67 1480 1476.67 1470 1466.67 1463.33 1476.67 1500 1513.33 1486.67 1503.33 1533.33 1513.33 1540 1530 1516.67 1506.67 1490 1480 1520 1536.67 1556.67 1563.33 1573.33 1583.33 1583.33 1583.33 1580 1576.67 1583.33 1593.33 1603.33 1613.33 1616.67 1616.67 1620
-166.67 -356.67 -416.67 -630 -926.67 -926.67 -603.33 -636.67 -506.67 -263.33 26.67 580 780 736.67 656.67 990 1050 1076.67 1123.33 1123.33 1116.67 403.33 873.33 933.33 1100 1293.33 1340 1326.67 1260 1243.33 1286.67 1400 1420 1450 1456.67 1460 1463.33 1460 1446.67 1436.67 1433.33 1423.33 1466.67 1476.67 1486.67 1506.67 1496.67 1503.33 1533.33 1530 1523.33 1496.67 1490 1493.33 1530 1543.33 1556.67 1563.33 1573.33 1576.67 1573.33 1573.33 1570 1583.33 1590 1600 1600 1610 1616.67 1616.67 1620
-310 -436.67 -293.33 -590 -713.33 -536.67 -203.33 -420 -523.33 -420 -480 493.33 970 810 650 1060 1100 1106.67 1116.67 1146.67 1100 213.33 866.67 943.33 1103.33 1213.33 1253.33 1240 1223.33 1203.33 1303.33 1363.33 1400 1430 1453.33 1453.33 1453.33 1443.33 1423.33 1436.67 1420 1410 1416.67 1453.33 1430 1456.67 1483.33 1526.67 1483.33 1496.67 1500 1500 1526.67 1530 1530 1533.33 1543.33 1536.67 1546.67 1550 1550 1556.67 1563.33 1566.67 1580 1586.67 1586.67 1590 1590 1596.67 1606.67
-540 -600 -83.33 -496.67 -363.33 -176.67 170 -50 36.67 -396.67 -296.67 256.67 813.33 890 940 1036.67 1110 1123.33 1126.67 1116.67 1036.67 120 853.33 1016.67 936.67 936.67 1100 1250 1226.67 1260 1366.67 1406.67 1443.33 1436.67 1453.33 1433.33 1420 1413.33 1393.33 1410 1396.67 1393.33 1403.33 1436.67 1443.33 1460 1470 1440 1450 1493.33 1493.33 1493.33 1523.33 1516.67 1516.67 1500 1490 1480 1503.33 1503.33 1536.67 1540 1546.67 1553.33 1556.67 1563.33 1580 1576.67 1576.67 1583.33 1590
-910 -520 -263.33 -266.67 -133.33 80 590 533.33 433.33 320 -96.67 186.67 900 890 916.67 903.33 973.33 1093.33 1103.33 1066.67 853.33 40 693.33 1193.33 936.67 936.67 1203.33 1300 1283.33 1313.33 1433.33 1430 1446.67 1440 1436.67 1423.33 1410 1403.33 1370 1393.33 1390 1390 1390 1420 1440 1440 1440 1436.67 1416.67 1420 1423.33 1463.33 1493.33 1493.33 1493.33 1486.67 1476.67 1473.33 1473.33 1476.67 1516.67 1520 1523.33 1526.67 1536.67 1546.67 1543.33 1553.33 1566.67 1566.67 1566.67
-783.33 -583.33 -233.33 -60 -90 216.67 646.67 1013.33 560 760 -253.33 280 660 796.67 780 640 780 1066.67 1036.67 1056.67 360 366.67 1206.67 1276.67 783.33 1020 1310 1350 1330 1400 1450 1466.67 1433.33 1420 1463.33 1423.33 1406.67 1376.67 1400 1393.33 1390 1390 1390 1416.67 1416.67 1406.67 1406.67 1406.67 1406.67 1410 1413.33 1413.33 1453.33 1453.33 1450 1446.67 1463.33 1460 1460 1466.67 1470 1470 1483.33 1483.33 1490 1506.67 1506.67 1533.33 1533.33 1533.33 1496.67
-780 -596.67 -230 13.33 -90 120 626.67 1223.33 946.67 906.67 -266.67 176.67 480 780 430 -123.33 760 986.67 1073.33 826.67 670 1096.67 1306.67 1306.67 853.33 1103.33 1310 1420 1466.67 1440 1483.33 1503.33 1456.67 1440 1463.33 1423.33 1390 1376.67 1400 1400 1423.33 1423.33 1416.67 1413.33 1406.67 1400 1400 1396.67 1400 1400 1403.33 1403.33 1440 1443.33 1443.33 1443.33 1440 1440 1443.33 1446.67 1450 1460 1466.67 1470 1480 1490 1493.33 1493.33 1493.33 1480 1476.67
-790 -433.33 -100 -26.67 -180 56.67 43.33 823.33 1053.33 860 -473.33 -343.33 463.33 770 86.67 -480 736.67 803.33 970 973.33 1280 1283.33 1416.67 1300 923.33 1200 1386.67 1446.67 1496.67 1516.67 1506.67 1526.67 1483.33 1470 1403.33 1396.67 1383.33 1376.67 1403.33 1400 1423.33 1423.33 1416.67 1406.67 1400 1393.33 1390 1383.33 1386.67 1390 1390 1396.67 1433.33 1436.67 1436.67 1436.67 1433.33 1436.67 1440 1436.67 1446.67 1453.33 1463.33 1466.67 1460 1463.33 1470 1473.33 1466.67 1466.67 1470
-843.33 -476.67 -160 70 -403.33 466.67 106.67 970 1063.33 566.67 -336.67 -366.67 460 936.67 246.67 343.33 473.33 776.67 1150 1250 1313.33 1400 1426.67 1283.33 1000 1186.67 1366.67 1436.67 1473.33 1486.67 1533.33 1520 1483.33 1466.67 1270 1253.33 1330 1353.33 1406.67 1423.33 1423.33 1413.33 1406.67 1390 1383.33 1380 1373.33 1373.33 1373.33 1383.33 1386.67 1393.33 1426.67 1416.67 1423.33 1433.33 1463.33 1433.33 1460 1466.67 1466.67 1490 1503.33 1473.33 1463.33 1460 1456.67 1436.67 1440 1440 1436.67
-370 73.33 -136.67 63.33 23.33 696.67 680 806.67 976.67 603.33 403.33 126.67 866.67 1013.33 720 560 280 1100 1243.33 1283.33 1370 1440 1453.33 1400 910 1220 1360 1420 1490 1483.33 1530 1513.33 1483.33 1406.67 1216.67 1206.67 1333.33 1353.33 1406.67 1426.67 1416.67 1406.67 1393.33 1383.33 1346.67 1343.33 1353.33 1350 1360 1370 1366.67 1380 1413.33 1413.33 1420 1426.67 1456.67 1426.67 1460 1463.33 1466.67 1486.67 1500 1466.67 1463.33 1456.67 1456.67 1433.33 1440 1440 1436.67
-743.33 -363.33 53.33 76.67 -226.67 666.67 980 716.67 1006.67 736.67 546.67 280 843.33 1156.67 1013.33 550 963.33 1216.67 1240 1276.67 1340 1406.67 1440 1413.33 1273.33 1276.67 1430 1433.33 1483.33 1486.67 1473.33 1463.33 1406.67 1276.67 1076.67 1096.67 1320 1340 1396.67 1413.33 1403.33 1393.33 1366.67 1343.33 1336.67 1323.33 1323.33 1323.33 1326.67 1346.67 1360 1363.33 1406.67 1413.33 1420 1423.33 1456.67 1423.33 1460 1456.67 1466.67 1473.33 1486.67 1453.33 1453.33 1450 1450 1426.67 1426.67 1426.67 1420
-770 -746.67 166.67 -156.67 -316.67 343.33 986.67 813.33 1000 980 853.33 916.67 413.33 1033.33 1073.33 630 1126.67 1273.33 1246.67 1280 1340 1373.33 1373.33 1436.67 1416.67 1423.33 1433.33 1453.33 1466.67 1456.67 1453.33 1413.33 1356.67 1156.67 980 1100 1290 1340 1396.67 1413.33 1403.33 1380 1356.67 1320 1320 1313.33 1310 1310 1316.67 1323.33 1330 1366.67 1403.33 1413.33 1416.67 1426.67 1453.33 1423.33 1453.33 1450 1450 1453.33 1460 1433.33 1443.33 1440 1440 1413.33 1413.33 1410 1400
-833.33 -346.67 -60 120 -46.67 286.67 530 1013.33 963.33 956.67 996.67 660 400 700 1183.33 630 1176.67 1283.33 1260 1336.67 1423.33 1380 1370 1410 1443.33 1450 1456.67 1466.67 1466.67 1463.33 1426.67 1383.33 1260 966.67 976.67 1090 1286.67 1340 1393.33 1416.67 1400 1380 1350 1313.33 1306.67 1306.67 1306.67 1306.67 1303.33 1310 1320 1336.67 1393.33 1403.33 1410 1420 1450 1416.67 1440 1430 1423.33 1423.33 1433.33 1453.33 1426.67 1430 1430 1396.67 1396.67 1390 1386.67
-843.33 -40 326.67 326.67 -270 393.33 563.33 976.67 1070 753.33 986.67 890 473.33 660 1060 966.67 1203.33 1290 1263.33 1340 1423.33 1433.33 1406.67 1410 1466.67 1440 1440 1466.67 1460 1440 1420 1283.33 1106.67 986.67 1063.33 1110 1286.67 1346.67 1396.67 1386.67 1400 1366.67 1316.67 1306.67 1306.67 1303.33 1303.33 1303.33 1323.33 1316.67 1343.33 1330 1393.33 1393.33 1400 1413.33 1443.33 1433.33 1426.67 1410 1406.67 1406.67 1413.33 1396.67 1410 1420 1420 1383.33 1380 1380 1373.33
-503.33 196.67 450 463.33 533.33 610 616.67 870 1066.67 733.33 653.33 590 746.67 820 923.33 1193.33 1253.33 1273.33 1266.67 1290 1396.67 1396.67 1423.33 1386.67 1413.33 1426.67 1406.67 1423.33 1440 1460 1426.67 1276.67 970 986.67 1193.33 1246.67 1350 1373.33 1393.33 1386.67 1376.67 1343.33 1306.67 1303.33 1300 1293.33 1300 1293.33 1313.33 1303.33 1320 1320 1353.33 1390 1393.33 1396.67 1433.33 1426.67 1416.67 1410 1396.67 1400 1383.33 1390 1390 1403.33 1406.67 1350 1406.67 1400 1396.67
-413.33 116.67 443.33 450 446.67 686.67 656.67 920 1010 1000 620 586.67 660 980 1060 1133.33 1210 1256.67 1206.67 1210 1293.33 1403.33 1383.33 1383.33 1383.33 1406.67 1376.67 1386.67 1406.67 1436.67 1356.67 1240 960 963.33 1160 1263.33 1326.67 1373.33 1390 1386.67 1370 1303.33 1293.33 1276.67 1276.67 1280 1276.67 1270 1293.33 1286.67 1283.33 1310 1313.33 1346.67 1360 1376.67 1406.67 1423.33 1413.33 1410 1403.33 1406.67 1386.67 1386.67 1370 1350 1350 1330 1373.33 1380 1380
-403.33 106.67 383.33 26.67 36.67 443.33 653.33 993.33 1000 986.67 640 336.67 736.67 1066.67 1060 1130 1206.67 1210 1106.67 1103.33 1200 1333.33 1390 1423.33 1373.33 1376.67 1333.33 1346.67 1333.33 1376.67 1400 1103.33 960 980 1156.67 1273.33 1320 1380 1390 1383.33 1356.67 1286.67 1276.67 1260 1253.33 1250 1233.33 1230 1253.33 1240 1233.33 1263.33 1300 1310 1326.67 1333.33 1373.33 1383.33 1396.67 1410 1410 1406.67 1373.33 1360 1350 1350 1343.33 1296.67 1330 1353.33 1366.67
-593.33 180 203.33 -6.67 6.67 506.67 900 973.33 980 973.33 953.33 333.33 593.33 1003.33 1093.33 1173.33 1206.67 1183.33 940 953.33 1073.33 1256.67 1393.33 1376.67 1366.67 1336.67 1316.67 1300 1253.33 1253.33 976.67 826.67 893.33 1030 1113.33 1260 1313.33 1366.67 1396.67 1310 1286.67 1270 1253.33 1240 1230 1223.33 1200 1200 1226.67 1223.33 1223.33 1220 1240 1256.67 1270 1316.67 1360 1376.67 1386.67 1400 1400 1363.33 1353.33 1346.67 1336.67 1336.67 1320 1320 1320 1326.67 1336.67
-516.67 -6.67 110 230 453.33 706.67 910 940 950 943.33 926.67 573.33 496.67 910 1036.67 1143.33 1163.33 1116.67 940 923.33 1070 1256.67 1346.67 1373.33 1370 1306.67 1156.67 1223.33 1106.67 1100 833.33 643.33 823.33 976.67 1053.33 1203.33 1236.67 1326.67 1336.67 1313.33 1283.33 1283.33 1260 1243.33 1206.67 1183.33 1183.33 1180 1206.67 1210 1206.67 1206.67 1223.33 1230 1240 1283.33 1333.33 1360 1383.33 1396.67 1403.33 1360 1350 1330 1326.67 1316.67 1310 1306.67 1306.67 1313.33 1320
-76.67 -76.67 3.33 200 533.33 573.33 793.33 890 913.33 913.33 920 906.67 490 580 1000 1140 1150 1010 753.33 930 1113.33 1226.67 1346.67 1373.33 1336.67 1186.67 1040 1043.33 826.67 910 720 430 850 1000 1066.67 1173.33 1216.67 1296.67 1323.33 1276.67 1286.67 1206.67 1210 1180 1140 1173.33 1173.33 1170 1200 1203.33 1196.67 1200 1210 1213.33 1230 1263.33 1310 1336.67 1366.67 1390 1360 1350 1336.67 1316.67 1296.67 1286.67 1283.33 1303.33 1290 1286.67 1296.67
66.67 -16.67 -186.67 -210 180 686.67 660 833.33 843.33 853.33 920 933.33 883.33 246.67 910 1126.67 1120 960 843.33 966.67 1086.67 1190 1326.67 1396.67 1280 1043.33 836.67 923.33 593.33 600 766.67 640 1030 1080 1173.33 1220 1270 1300 1326.67 1270 1253.33 1200 1166.67 1140 1133.33 1156.67 1166.67 1166.67 1166.67 1196.67 1196.67 1236.67 1210 1213.33 1213.33 1270 1286.67 1310 1333.33 1346.67 1326.67 1330 1310 1293.33 1283.33 1280 1276.67 1280 1283.33 1290 1290
383.33 486.67 193.33 483.33 140 696.67 690 813.33 806.67 476.67 823.33 930 900 413.33 906.67 1123.33 1130 1023.33 933.33 1020 1083.33 1196.67 1360 1403.33 1280 943.33 760 846.67 530 543.33 870 936.67 1080 1120 1130 1223.33 1240 1266.67 1293.33 1276.67 1256.67 1193.33 1136.67 1120 1116.67 1146.67 1153.33 1166.67 1166.67 1166.67 1196.67 1240 1210 1210 1213.33 1253.33 1253.33 1290 1306.67 1310 1293.33 1276.67 1276.67 1270 1266.67 1270 1276.67 1276.67 1283.33 1316.67 1293.33
