assets/server-info/layers/temp_wettest.asc
NCOLS 494
NROWS 531
XLLCORNER -117
YLLCORNER -55.8333
CELLSIZE 0.166667
NODATA_VALUE -99999
[rows 352 to 383 of 531, columns 355 to 425 of 494]
2513.33 2556.67 2533.33 2526.67 2730 2626.67 2633.33 2636.67 2606.67 2596.67 2590 2483.33 2416.67 2386.67 1926.67 1920 1996.67 2050 2073.33 2076.67 1996.67 2310 2270 2280 2193.33 2293.33 2220 2090 2170 2170 2170 2186.67 2076.67 2036.67 2046.67 2193.33 2056.67 2100 2096.67 2103.33 2006.67 1973.33 2056.67 2096.67 2106.67 2110 2086.67 2063.33 2056.67 1980 2066.67 2046.67 1846.67 2420 2370 -99999 -99999 -99999 -99999 -99999 -99999 -99999 -99999 -99999 -99999 -99999 -99999 -99999 -99999 -99999 -99999
2490 2526.67 2526.67 2516.67 2526.67 2526.67 2650 2643.33 2613.33 2610 2420 2300 2230 2186.67 1890 1860 1953.33 2026.67 2036.67 2036.67 2433.33 2396.67 2263.33 2286.67 2200 2136.67 2153.33 2103.33 2103.33 2106.67 2113.33 2146.67 2136.67 2056.67 2053.33 2046.67 2060 2010 1956.67 2096.67 2083.33 2043.33 2053.33 2013.33 1986.67 2076.67 2076.67 1926.67 1973.33 2073.33 1990 2016.67 2163.33 2433.33 2440 2433.33 -99999 -99999 -99999 -99999 -99999 -99999 -99999 -99999 -99999 -99999 -99999 -99999 -99999 -99999 -99999
2490 2516.67 2513.33 2520 2523.33 2523.33 2696.67 2703.33 2403.33 2403.33 2370 2320 2273.33 2176.67 2103.33 2350 2003.33 2043.33 2026.67 2026.67 2423.33 2393.33 2340 2280 2200 2200 2213.33 2100 2056.67 2040 2153.33 2100 2073.33 2080 1966.67 1943.33 1990 2013.33 1920 2000 1916.67 1973.33 2013.33 1896.67 1903.33 2026.67 1900 1896.67 1980 2036.67 2020 2360 2383.33 2366.67 2426.67 -99999 -99999 -99999 -99999 -99999 -99999 -99999 -99999 -99999 -99999 -99999 -99999 -99999 -99999 -99999 -99999
2486.67 2503.33 2503.33 2526.67 2523.33 2520 2496.67 2686.67 2396.67 2386.67 2373.33 2363.33 2250 2250 2266.67 2263.33 2496.67 2033.33 2033.33 2443.33 2436.67 2390 2336.67 2280 2316.67 2226.67 2270 2070 2086.67 2203.33 2236.67 2206.67 1780 1720 2046.67 1903.33 1923.33 1930 1920 1916.67 1906.67 1906.67 1966.67 1886.67 1823.33 2000 2096.67 2003.33 1813.33 1963.33 1990 2193.33 2226.67 2280 2340 -99999 -99999 -99999 -99999 -99999 -99999 -99999 -99999 -99999 -99999 -99999 -99999 -99999 -99999 -99999 -99999
2456.67 2506.67 2500 2523.33 2523.33 2513.33 2496.67 2413.33 2363.33 2356.67 2356.67 2326.67 2283.33 2313.33 2330 2323.33 2323.33 2500 2490 2433.33 2323.33 2376.67 2306.67 2326.67 2320 2250 2240 2243.33 2156.67 1706.67 1653.33 1670 1723.33 1696.67 1643.33 1470 1900 1866.67 1840 1916.67 1926.67 1886.67 1876.67 1850 1846.67 1860 1863.33 2083.33 2063.33 1866.67 2206.67 2273.33 2206.67 2120 2166.67 -99999 -99999 -99999 -99999 -99999 -99999 -99999 -99999 -99999 -99999 -99999 -99999 -99999 -99999 -99999 -99999
2456.67 2490 2486.67 2496.67 2500 2483.33 2463.33 2393.33 2360 2356.67 2356.67 2323.33 2343.33 2343.33 2333.33 2326.67 2323.33 2323.33 2253.33 2340 2276.67 2293.33 2376.67 2380 2343.33 1790 1836.67 1823.33 1780 1700 1666.67 1593.33 1706.67 1696.67 1656.67 1536.67 1396.67 1366.67 1633.33 1676.67 2036.67 1850 1916.67 1820 1273.33 1823.33 1966.67 2020 2060 2036.67 2010 2290 2320 2313.33 2230 -99999 -99999 -99999 -99999 -99999 -99999 -99999 -99999 -99999 -99999 -99999 -99999 -99999 -99999 -99999 -99999
2453.33 2466.67 2480 2460 2466.67 2483.33 2433.33 2420 2386.67 2383.33 2386.67 2353.33 2350 2363.33 2153.33 2116.67 2090 1900 2153.33 2326.67 2330 2410 2473.33 2533.33 2413.33 1960 1960 1930 1960 2346.67 1796.67 1756.67 1773.33 1660 1676.67 1686.67 1640 1580 1616.67 1743.33 1480 1313.33 1423.33 1376.67 1376.67 1963.33 2146.67 2123.33 2100 2033.33 2120 1993.33 2110 2273.33 2090 -99999 -99999 -99999 -99999 -99999 -99999 -99999 -99999 -99999 -99999 -99999 -99999 -99999 -99999 -99999 -99999
2426.67 2433.33 2446.67 2426.67 2430 2426.67 2423.33 2420 2386.67 2386.67 2383.33 2393.33 2393.33 2150 2110 2056.67 1900 1900 1953.33 2216.67 2006.67 2056.67 2093.33 2416.67 2000 1970 1923.33 1916.67 1863.33 2336.67 1800 1823.33 1810 1760 1750 1723.33 1656.67 1680 1570 1450 1303.33 1420 1423.33 1353.33 1400 1300 2046.67 2120 2150 2046.67 1886.67 1886.67 1990 2250 2310 -99999 -99999 -99999 -99999 -99999 -99999 -99999 -99999 -99999 -99999 -99999 -99999 -99999 -99999 -99999 -99999
2410 2386.67 2403.33 2416.67 2430 2420 2420 2416.67 2386.67 2386.67 2386.67 2103.33 2383.33 2143.33 2103.33 2056.67 1946.67 2030 2060 2113.33 2076.67 2050 1990 1896.67 1890 1920 1860 1910 1880 1596.67 1756.67 1783.33 1746.67 1730 1740 1743.33 1716.67 1676.67 1566.67 1446.67 1476.67 1423.33 1436.67 1403.33 1433.33 1353.33 1870 1936.67 1996.67 2193.33 1890 1890 2000 2010 2273.33 2283.33 2280 -99999 -99999 -99999 -99999 -99999 -99999 -99999 -99999 -99999 -99999 -99999 -99999 -99999 -99999
2363.33 2360 2370 2390 2406.67 2413.33 2420 2410 2380 2383.33 2386.67 2386.67 2376.67 2123.33 1946.67 1950 1973.33 2086.67 2113.33 2043.33 1983.33 1983.33 1970 1876.67 1903.33 1940 1836.67 1790 1900 1613.33 1690 1786.67 1700 1576.67 1693.33 1743.33 1713.33 1670 1640 1626.67 1570 1466.67 1456.67 1423.33 1430 1356.67 1956.67 1870 1833.33 2073.33 1936.67 1710 1906.67 1913.33 2156.67 2306.67 -99999 -99999 -99999 -99999 -99999 -99999 -99999 -99999 -99999 -99999 -99999 -99999 -99999 -99999 -99999
2353.33 2350 2360 2376.67 2400 2413.33 2403.33 2410 2376.67 2380 2380 2380 2316.67 2063.33 2036.67 2063.33 2116.67 2113.33 2056.67 1793.33 1943.33 1913.33 1956.67 1883.33 1860 1856.67 1786.67 1766.67 1683.33 1613.33 1660 1673.33 1663.33 1583.33 1590 1660 1660 1520 1586.67 1613.33 1570 1466.67 1456.67 1436.67 1420 1303.33 1866.67 1856.67 1920 1793.33 1763.33 1716.67 1720 1910 1906.67 -99999 -99999 -99999 -99999 -99999 -99999 -99999 -99999 -99999 -99999 -99999 -99999 -99999 -99999 -99999 -99999
2356.67 2360 2360 2366.67 2380 2396.67 2403.33 2403.33 2370 2370 2373.33 2373.33 2310 2310 2116.67 2120 2113.33 2073.33 2043.33 1733.33 1920 1976.67 1973.33 1900 1606.67 1826.67 1806.67 1606.67 1713.33 1636.67 1673.33 1696.67 1683.33 1563.33 1600 1613.33 1613.33 1486.67 1390 1383.33 1466.67 1460 1356.67 1293.33 1333.33 1296.67 1826.67 1710 1750 1616.67 1590 1470 2086.67 1813.33 2140 -99999 -99999 -99999 -99999 -99999 -99999 -99999 -99999 -99999 -99999 -99999 -99999 -99999 -99999 -99999 -99999
2346.67 2350 2343.33 2363.33 2396.67 2396.67 2400 2396.67 2366.67 2363.33 2333.33 2336.67 2336.67 1786.67 1790 1790 1796.67 1770 1740 1670 1640 1650 1930 1933.33 1660 1673.33 1630 1636.67 1650 1663.33 1643.33 1643.33 1650 1570 1603.33 1590 1540 1576.67 1353.33 1343.33 1310 1416.67 1400 1313.33 1873.33 1853.33 1803.33 1700 1533.33 1500 1403.33 2003.33 2123.33 2003.33 2266.67 -99999 -99999 -99999 -99999 -99999 -99999 -99999 -99999 -99999 -99999 -99999 -99999 -99999 -99999 -99999 -99999
2346.67 2390 2383.33 2376.67 2373.33 2386.67 2400 2393.33 2083.33 2073.33 2040 2043.33 2050 2056.67 1786.67 1790 1766.67 1743.33 1746.67 1773.33 1670 1670 1696.67 1710 1726.67 1773.33 1700 1646.67 1660 1616.67 1610 1630 1580 1576.67 1560 1483.33 1473.33 1470 1396.67 1373.33 1336.67 1323.33 1383.33 1310 1826.67 1796.67 1750 1523.33 1496.67 1480 2006.67 2123.33 2170 2110 2246.67 -99999 -99999 -99999 -99999 -99999 -99999 -99999 -99999 -99999 -99999 -99999 -99999 -99999 -99999 -99999 -99999
2376.67 2356.67 2356.67 2353.33 2356.67 2056.67 2073.33 2106.67 2106.67 2060 2060 2060 2036.67 2050 1783.33 1763.33 1773.33 1746.67 1746.67 1690 1670 1676.67 1680 1700 1690 1670 1670 1640 1643.33 1663.33 1650 1686.67 1723.33 1643.33 1546.67 1510 1456.67 1453.33 1450 1390 1336.67 1303.33 1360 1850 1863.33 1816.67 1723.33 1656.67 1600 1466.67 2133.33 2246.67 2256.67 2323.33 2280 -99999 -99999 -99999 -99999 -99999 -99999 -99999 -99999 -99999 -99999 -99999 -99999 -99999 -99999 -99999 -99999
2340 2340 2333.33 2350 2346.67 2050 2046.67 2056.67 2066.67 2086.67 2086.67 2056.67 2023.33 2026.67 2040 1746.67 1706.67 1710 1746.67 1690 1643.33 1653.33 1683.33 1656.67 1676.67 1633.33 1676.67 1673.33 1710 1770 1736.67 1720 1583.33 1570 1553.33 1400 1296.67 1426.67 1420 1400 1363.33 1276.67 1240 1760 1763.33 1740 1686.67 1626.67 1440 1776.67 2270 2330 2310 2356.67 -99999 -99999 -99999 -99999 -99999 -99999 -99999 -99999 -99999 -99999 -99999 -99999 -99999 -99999 -99999 -99999 -99999
2336.67 2336.67 2330 2323.33 2016.67 2016.67 2030 2023.33 2046.67 2063.33 2070 2050 2020 2020 2026.67 1730 1750 1700 1673.33 1650 1630 1593.33 1630 1650 1646.67 1653.33 1673.33 1716.67 1760 1770 1723.33 1633.33 1453.33 1313.33 1460 1343.33 1226.67 1270 1263.33 1390 1383.33 1330 1300 1790 1753.33 1726.67 1656.67 1600 2066.67 2236.67 2273.33 2343.33 -99999 -99999 -99999 -99999 -99999 -99999 -99999 -99999 -99999 -99999 -99999 -99999 -99999 -99999 -99999 -99999 -99999 -99999 -99999
2336.67 2333.33 2320 2006.67 2006.67 2013.33 2023.33 2010 2026.67 2033.33 2013.33 2020 1993.33 2006.67 2010 1656.67 1670 1653.33 1630 1613.33 1593.33 1576.67 1533.33 1613.33 1626.67 1660 1680 1700 1703.33 1673.33 1633.33 1613.33 1313.33 1323.33 1350 1440 1363.33 1363.33 1323.33 1393.33 1403.33 1280 1263.33 1213.33 1806.67 1730 1656.67 1676.67 2246.67 2273.33 2300 -99999 -99999 -99999 -99999 -99999 -99999 -99999 -99999 -99999 -99999 -99999 -99999 -99999 -99999 -99999 -99999 -99999 -99999 -99999 -99999
2303.33 2316.67 1996.67 1973.33 1973.33 1976.67 1933.33 1963.33 1973.33 1973.33 1973.33 1986.67 1953.33 1926.67 1936.67 1933.33 1560 1526.67 1583.33 1590 1596.67 1526.67 1496.67 1546.67 1540 1616.67 1726.67 1733.33 1703.33 1613.33 1510 1356.67 1450 1426.67 1430 1553.33 1550 1503.33 1320 1496.67 1333.33 1270 1246.67 1183.33 1750 1700 1576.67 2220 2263.33 2296.67 -99999 -99999 -99999 -99999 -99999 -99999 -99999 -99999 -99999 -99999 -99999 -99999 -99999 -99999 -99999 -99999 -99999 -99999 -99999 -99999 -99999
2296.67 2000 1990 1960 1960 1963.33 1953.33 1956.67 1953.33 1950 1943.33 1933.33 1910 1890 1896.67 1886.67 1586.67 1500 1563.33 1593.33 1573.33 1500 1506.67 1506.67 1480 1560 1630 1716.67 1650 1563.33 1336.67 1330 1376.67 1443.33 1450 1536.67 1660 1540 1313.33 1600 1593.33 1320 1276.67 1773.33 1766.67 1716.67 1850 2330 2356.67 -99999 -99999 -99999 -99999 -99999 -99999 -99999 -99999 -99999 -99999 -99999 -99999 -99999 -99999 -99999 -99999 -99999 -99999 -99999 -99999 -99999 -99999
2290 1993.33 1983.33 1953.33 1956.67 1956.67 1946.67 1950 1943.33 1933.33 1913.33 1896.67 1866.67 1880 1866.67 1853.33 1806.67 1526.67 1596.67 1573.33 1553.33 1550 1566.67 1483.33 1440 1503.33 1580 1713.33 1626.67 1456.67 1533.33 1393.33 1393.33 1526.67 1660 1640 1530 1516.67 1516.67 1743.33 1550 1330 1416.67 1823.33 1820 1890 1960 2353.33 -99999 -99999 -99999 -99999 -99999 -99999 -99999 -99999 -99999 -99999 -99999 -99999 -99999 -99999 -99999 -99999 -99999 -99999 -99999 -99999 -99999 -99999 -99999
1966.67 1983.33 1983.33 1950 1950 1956.67 1953.33 1946.67 1936.67 1886.67 1856.67 1870 1836.67 1840 1896.67 1920 1913.33 1620 1656.67 1640 1673.33 1636.67 1523.33 1623.33 1460 1530 1660 1716.67 1603.33 1620 1483.33 1440 1563.33 1570 1683.33 1610 1603.33 1653.33 1673.33 1643.33 1746.67 1750 1760 1633.33 1990 2093.33 2330 2423.33 -99999 -99999 -99999 -99999 -99999 -99999 -99999 -99999 -99999 -99999 -99999 -99999 -99999 -99999 -99999 -99999 -99999 -99999 -99999 -99999 -99999 -99999 -99999
1953.33 1983.33 1983.33 1983.33 1980 1956.67 1926.67 1920 1936.67 1880 1853.33 1856.67 1850 1836.67 1823.33 1876.67 1930 1626.67 1673.33 1686.67 1690 1686.67 1683.33 1706.67 1703.33 1553.33 1726.67 1763.33 1780 1580 1580 1616.67 1620 1623.33 1636.67 1660 1643.33 1650 1620 1616.67 1593.33 1540 1716.67 1763.33 1743.33 2280 2446.67 -99999 -99999 -99999 -99999 -99999 -99999 -99999 -99999 -99999 -99999 -99999 -99999 -99999 -99999 -99999 -99999 -99999 -99999 -99999 -99999 -99999 -99999 -99999 -99999
1946.67 1980 1980 1983.33 1986.67 1956.67 1930 1923.33 1913.33 1893.33 1833.33 1813.33 1860 1840 1833.33 1846.67 1930 1626.67 1636.67 1653.33 1640 1670 1706.67 1706.67 1710 1750 1763.33 1773.33 1620 1596.67 1590 1596.67 1630 1633.33 1670 1660 1636.67 1610 1566.67 1536.67 1550 1570 1613.33 1820 1833.33 1830 -99999 -99999 -99999 -99999 -99999 -99999 -99999 -99999 -99999 -99999 -99999 -99999 -99999 -99999 -99999 -99999 -99999 -99999 -99999 -99999 -99999 -99999 -99999 -99999 -99999
1966.67 1966.67 1970 1983.33 1983.33 1933.33 1930 1933.33 1930 1830 1813.33 1843.33 1833.33 1870 1853.33 1833.33 1900 1640 1590 1626.67 1606.67 1636.67 1690 1683.33 1683.33 1723.33 1733.33 1736.67 1773.33 1613.33 1610 1613.33 1613.33 1580 1580 1580 1560 1553.33 1566.67 1546.67 1533.33 1573.33 1610 1650 1810 1833.33 -99999 -99999 -99999 -99999 -99999 -99999 -99999 -99999 -99999 -99999 -99999 -99999 -99999 -99999 -99999 -99999 -99999 -99999 -99999 -99999 -99999 -99999 -99999 -99999 -99999
1953.33 1956.67 1966.67 1973.33 1983.33 1930 1940 1946.67 1950 1830 1810 1853.33 1876.67 1876.67 1876.67 1826.67 1613.33 1623.33 1596.67 1600 1640 1650 1683.33 1653.33 1596.67 1603.33 1643.33 1706.67 1550 1556.67 1556.67 1556.67 1556.67 1573.33 1496.67 1516.67 1500 1560 1566.67 1573.33 1553.33 1580 1630 -99999 1823.33 1823.33 -99999 -99999 -99999 -99999 -99999 -99999 -99999 -99999 -99999 -99999 -99999 -99999 -99999 -99999 -99999 -99999 -99999 -99999 -99999 -99999 -99999 -99999 -99999 -99999 -99999
1950 1926.67 1970 1973.33 1983.33 1936.67 1913.33 1600 1630 1510 1823.33 1846.67 1870 1846.67 1543.33 1600 1630 1630 1626.67 1596.67 1636.67 1580 1610 1480 1533.33 1563.33 1553.33 1620 1693.33 1506.67 1433.33 1366.67 1446.67 1356.67 1383.33 1346.67 1333.33 1540 1590 1606.67 -99999 -99999 -99999 1640 1803.33 -99999 -99999 -99999 -99999 -99999 -99999 -99999 -99999 -99999 -99999 -99999 -99999 -99999 -99999 -99999 -99999 -99999 -99999 -99999 -99999 -99999 -99999 -99999 -99999 -99999 -99999
1926.67 1913.33 1953.33 1966.67 1956.67 1933.33 1913.33 1893.33 1600 1630 1860 1530 1556.67 1566.67 1623.33 1646.67 1640 1633.33 1600 1600 1576.67 1523.33 1520 1466.67 1463.33 1463.33 1496.67 1636.67 1593.33 1363.33 1330 1293.33 1340 1346.67 1330 1310 1403.33 1470 1566.67 -99999 -99999 -99999 -99999 1623.33 -99999 -99999 -99999 -99999 -99999 -99999 -99999 -99999 -99999 -99999 -99999 -99999 -99999 -99999 -99999 -99999 -99999 -99999 -99999 -99999 -99999 -99999 -99999 -99999 -99999 -99999 -99999
2226.67 2233.33 1936.67 1943.33 1923.33 1890 1916.67 1893.33 1886.67 1890 1550 1536.67 1550 1560 1666.67 1690 1676.67 1636.67 1626.67 1580 1536.67 1513.33 1386.67 1460 1503.33 1503.33 1426.67 1426.67 1460 1513.33 1473.33 1343.33 1423.33 1403.33 1393.33 1433.33 1610 1516.67 1536.67 -99999 -99999 -99999 -99999 1616.67 -99999 -99999 -99999 -99999 -99999 -99999 -99999 -99999 -99999 -99999 -99999 -99999 -99999 -99999 -99999 -99999 -99999 -99999 -99999 -99999 -99999 -99999 -99999 -99999 -99999 -99999 -99999
2213.33 2220 2223.33 2233.33 1910 1860 1860 1876.67 1883.33 1546.67 1533.33 1520 1500 1590 1666.67 1656.67 1670 1636.67 1603.33 1593.33 1503.33 1450 1376.67 1473.33 1480 1480 1493.33 1486.67 1546.67 1550 1563.33 1433.33 1553.33 1536.67 1586.67 1643.33 1636.67 1666.67 -99999 -99999 -99999 1510 1510 -99999 -99999 -99999 -99999 -99999 -99999 -99999 -99999 -99999 -99999 -99999 -99999 -99999 -99999 -99999 -99999 -99999 -99999 -99999 -99999 -99999 -99999 -99999 -99999 -99999 -99999 -99999 -99999
2200 2206.67 2213.33 2226.67 2233.33 1890 1873.33 1886.67 1576.67 1506.67 1473.33 1486.67 1580 1610 1580 1623.33 1606.67 1613.33 1630 1560 1496.67 1470 1443.33 1440 1423.33 1416.67 1486.67 1470 1463.33 1453.33 1450 1440 1493.33 1543.33 1530 1586.67 1630 1630 -99999 -99999 1623.33 1630 -99999 -99999 -99999 -99999 -99999 -99999 -99999 -99999 -99999 -99999 -99999 -99999 -99999 -99999 -99999 -99999 -99999 -99999 -99999 -99999 -99999 -99999 -99999 -99999 -99999 -99999 -99999 -99999 -99999
2200 2203.33 2206.67 2216.67 2200 1883.33 1840 1850 1860 1480 1450 1526.67 1623.33 1620 1590 1580 1563.33 1543.33 1586.67 1610 1520 1486.67 1433.33 1433.33 1420 1420 1423.33 1353.33 1260 1250 1390 1376.67 1343.33 1423.33 1423.33 1516.67 1573.33 -99999 -99999 -99999 1600 1613.33 -99999 -99999 -99999 -99999 -99999 -99999 -99999 -99999 -99999 -99999 -99999 -99999 -99999 -99999 -99999 -99999 -99999 -99999 -99999 -99999 -99999 -99999 -99999 -99999 -99999 -99999 -99999 -99999 -99999
