assets/server-info/layers/temp_avg.asc
NCOLS 494
NROWS 531
XLLCORNER -117
YLLCORNER -55.8333
CELLSIZE 0.166667
NODATA_VALUE -99999
[rows 248 to 278 of 531, columns 414 to 482 of 494]
2529.42 2454.33 2428.6 2421.89 2421.04 2398.6 2283.56 2328.58 2351.07 2355.18 2345.78 2371.59 2493.21 2494.05 2422.38 2399.04 2427.29 2469.7 2596.3 2574.66 2580.47 2638.74 2627.95 2637.92 2647.86 2580.36 2517.84 2526.99 2514.47 2548.66 2517.07 2551.21 2581.15 2686.19 2742.85 2716.99 2636.11 2581.07 2525.18 2489.32 2496.85 2497.62 2505.1 2502.49 2535.81 2521.62 2508.25 2473.21 2513.15 2481.48 2460.52 2388.85 2483.01 2481.32 2457.78 2456.99 2459.48 2425.37 2379.48 2331.97 2311.15 2377.89 2354.6 2309.62 2188.16 2227.34 2253.21 2108.99 2055.7
2531.04 2402.71 2427.75 2472.71 2421.04 2328.49 2242.66 2329.29 2243.4 2305.81 2374.11 2444.05 2498.25 2423.21 2377.32 2450.63 2403.95 2490.52 2542.96 2546.33 2577.95 2635.48 2642.05 2637.86 2647.86 2626.96 2515.29 2483.67 2473.64 2507.01 2459.51 2557.01 2637.04 2697.81 2753.7 2755.34 2646.99 2592.79 2513.62 2520.16 2546.79 2527.59 2488.3 2492.38 2500.68 2482.3 2506.49 2470.68 2493.84 2483.78 2399.59 2381.26 2478.74 2456.14 2456.16 2459.48 2456.99 2457.81 2456.93 2408.66 2382.79 2379.48 2327.89 2234.63 2260.47 2306.55 2231.59 2140.77 2027.4
2530.96 2400.14 2479.4 2499.29 2473.48 2327.62 2244.25 2305.95 2274.19 2373.29 2374.11 2422.41 2498.27 2420.68 2446.44 2445.51 2461.34 2464.63 2444.66 2450.41 2548.79 2658.77 2649.51 2629.53 2619.51 2679.48 2514.44 2418.68 2433.64 2488.71 2572.82 2586.16 2603.75 2617.04 2718.74 2746.22 2664.55 2609.53 2546.99 2466.03 2553.53 2555.07 2513.23 2468.25 2499.84 2506.41 2492.25 2479.67 2492.19 2457.1 2422.88 2413.67 2390.36 2405.34 2331.92 2404.47 2430.33 2458.66 2339.45 2342.79 2391.12 2336.08 2370.33 2362.11 2360.47 2340.58 2383.23 2214.08 2158.38
2530.93 2504.3 2477.67 2476.82 2474.3 2350.14 2359.26 2271.64 2275.01 2385.84 2444.9 2572.38 2544.9 2493.97 2424.66 2424.68 2448.05 2439.59 2432.85 2457.81 2556.19 2665.4 2617.84 2548.71 2491.18 2501.12 2467.78 2417.84 2474.47 2492.05 2552.85 2592.85 2613.75 2563.67 2638.74 2642.93 2684.55 2601.21 2561.15 2605.26 2602.66 2577.56 2579.21 2513.18 2494 2501.42 2488.9 2452.19 2440.52 2430.44 2422.05 2369.53 2370.3 2351.15 2363.64 2316.99 2417.84 2447.81 2456.93 2467.73 2446.11 2358.63 2487.04 2408.82 2404.63 2383.97 2396.44 2333.89 2246.49
2532.63 2506 2477.67 2452.66 2423.48 2473.4 2378.38 2275.86 2274.93 2420.71 2421.53 2546.55 2423.12 2443.12 2424.66 2444.71 2423.75 2471.26 2427.89 2519.51 2628.74 2604.55 2532.05 2497.01 2439.53 2451.95 2443.64 2457.81 2472.88 2490.38 2532.88 2576.25 2622.05 2593.75 2626.19 2635.42 2698.74 2613.7 2571.12 2588.63 2607.64 2554.25 2550.85 2535.75 2514 2496.47 2483.01 2401.34 2437.1 2428.79 2419.53 2374.44 2371.15 2367.78 2351.97 2314.47 2415.29 2445.34 2504.41 2539.45 2540.27 2521.12 2458.68 2437.92 2441.21 2378.9 2376.36 2405.51 2427.92
2536.82 2404.3 2483.51 2485.15 2434.27 2440.93 2379.97 2400.79 2316.52 2423.23 2449.01 2547.32 2424.79 2425.67 2469.73 2447.15 2445.45 2487.07 2513.73 2539.48 2591.18 2475.4 2435.37 2443.67 2390.38 2444.58 2460.33 2497.84 2491.12 2509.53 2532.79 2577.95 2602.93 2645.45 2638.79 2713.75 2688.79 2669.64 2643.62 2635.23 2627.7 2458.41 2450 2454.9 2482.33 2491.45 2455.53 2420.49 2412.11 2402.05 2356.14 2376.14 2329.48 2325.26 2353.59 2303.59 2350.3 2411.95 2440.33 2520.33 2537.78 2536.16 2504.58 2464.6 2439.62 2441.32 2516.36 2532.16 2362.99
2564.36 2405.97 2407.67 2409.32 2459.26 2491.78 2420.79 2275.75 2278.25 2404.85 2423.18 2451.45 2425.64 2443.73 2466.27 2441.23 2461.15 2459.48 2482.03 2530.44 2584.44 2466.22 2405.32 2374.55 2447.04 2482.08 2477.81 2514.52 2556.16 2529.53 2572.9 2594.52 2597.86 2666.27 2659.64 2714.6 2709.64 2692.85 2687.01 2602.74 2545.15 2445.84 2459.15 2350.77 2403.92 2457.23 2447.12 2412.14 2406.22 2375.45 2338.58 2362.85 2381.97 2355.29 2357.81 2351.15 2348.6 2392.79 2416.99 2421.18 2475.37 2513.75 2520.41 2543.75 2521.23 2515.42 2547.15 2472.08 2389.75
2568.47 2511.86 2485.97 2410.93 2485.12 2488.41 2494.16 2424.9 2275.75 2404.85 2427.4 2427.32 2444.68 2334.68 2441.32 2393.78 2412.03 2347.92 2344.52 2452.03 2527.92 2481.21 2464.55 2472.05 2482.88 2497.86 2514.47 2511.95 2524.47 2545.32 2587.86 2633.64 2658.71 2679.64 2695.45 2655.42 2648.74 2628.74 2596.99 2451.84 2440.11 2290.9 2357.45 2382.38 2307.21 2293.07 2369.62 2410.38 2402.93 2372.93 2342.79 2343.62 2390.27 2383.64 2424.55 2404.44 2390.33 2383.64 2375.32 2369.53 2407.07 2449.56 2437.04 2518.71 2546.22 2524.52 2487.86 2451.23 2450.49
2491.84 2487.64 2512.58 2511.81 2484.3 2504.85 2404.79 2385.62 2283.97 2228.11 2291.37 2294.71 2470.47 2334.66 2293.01 2290.47 2319.48 2381.15 2421.18 2443.64 2492.88 2447.84 2408.66 2463.73 2477.1 2446.19 2462.88 2421.97 2501.97 2516.14 2555.32 2572.79 2615.42 2656.22 2622.05 2627.07 2514.52 2578.68 2567.67 2467.7 2209.23 2178.27 2341.62 2344.03 2250.68 2189.7 2280.44 2314.6 2329.53 2346.96 2283.64 2304.49 2350.25 2344.44 2381.95 2377.1 2290.38 2406.11 2420.33 2412.79 2355.42 2349.62 2435.42 2487.07 2468.74 2459.48 2482 2503.64 2501.34
2523.51 2490.08 2390.96 2320.08 2485.01 2501.59 2479.04 2390.66 2392.27 2288.96 2250.6 2235.51 2242.99 2239.73 2217.86 2287.15 2332.08 2332.85 2413.67 2506.14 2411.18 2413.67 2422.03 2431.18 2422.05 2377.86 2438.71 2438.68 2479.48 2511.92 2548.66 2557.84 2571.21 2606.22 2661.18 2588.68 2604.47 2584.36 2509.32 2260.05 2180.82 2244.14 2319.04 2328.96 2238.05 2135.51 2178.77 2309.56 2327.89 2371.1 2287.75 2313.62 2312.77 2287.78 2319.48 2286.96 2265.37 2341.21 2381.21 2370.38 2367.1 2335.42 2332.08 2405.45 2424.63 2422.03 2481.89 2536.11 2533.04
2495.95 2439.23 2321.7 2362.55 2499.12 2375.75 2381.56 2388.16 2285.62 2249.75 2254.71 2203.89 2242.22 2241.34 2147.07 2247.04 2391.18 2322.96 2426.22 2447.84 2318.68 2383.7 2410.36 2397.86 2375.4 2375.32 2462.05 2438.6 2497.01 2515.26 2566.9 2549.45 2576.16 2556.96 2581.95 2577.75 2541.89 2540.11 2324.25 2117.48 2273.29 2275.75 2301.51 2252.22 2171.29 2129.56 2218.79 2295.34 2336.19 2372.79 2378.68 2382.77 2336.93 2331.92 2318.68 2310.33 2282.85 2194.49 2340.38 2381.29 2378.79 2325.51 2318 2367.12 2373.84 2463.78 2496.19 2517.07 2529.67
2504.27 2440.05 2365.07 2362.47 2395.75 2500.77 2382.36 2408.99 2287.26 2354.71 2275.56 2222.99 2207.1 2242.99 2236.3 2210.41 2322.85 2381.29 2443.7 2414.55 2287.07 2271.18 2280.38 2329.51 2367.84 2412.88 2466.16 2488.71 2506.16 2525.32 2546.99 2570.33 2543.64 2540.25 2578.49 2539.37 2530.16 2500.05 2246.68 2048.27 2204.88 2309.84 2301.45 2237.97 2163.78 2162.11 2297.97 2314.63 2360.36 2388.63 2398.6 2357.75 2357.75 2350.25 2388.58 2376.22 2274.6 2273.78 2305.45 2272.19 2340.49 2361.32 2331.4 2336.44 2417.29 2476.44 2506.38 2533.01 2549.73
2377.62 2490.9 2433.37 2389.95 2393.26 2398.22 2274.03 2343.18 2352.3 2278.08 2261.45 2243.04 2308 2243.81 2256.25 2255.37 2304.52 2378.66 2348.68 2302.82 2304.49 2308.71 2331.21 2320.36 2340.36 2415.42 2473.64 2547.01 2519.51 2545.26 2558.63 2547.84 2516.08 2522.68 2553.48 2494.3 2470.11 2420.08 2208.27 2116.55 2191.48 2287.23 2265.48 2267.92 2238.74 2260.41 2320.41 2315.4 2360.33 2434.52 2437.86 2388.63 2387.78 2351.12 2428.58 2264.55 2379.59 2330.49 2329.67 2189.7 2303.84 2298.03 2333.07 2443.15 2495.73 2490.74 2524.05 -99999 -99999
2374.27 2361.75 2411.73 2362.41 2391.59 2370.66 2274.85 2223.21 2334.79 2299.75 2190.6 2216.41 2216.33 2288.79 2323.75 2314.58 2305.37 2313.7 2305.32 2357.84 2375.34 2399.51 2393.67 2317.92 2381.21 2482.03 2500.3 2491.23 2598.58 2600.27 2612.82 2598.58 2524.47 2523.51 2546.85 2471.86 2375.89 2306.66 2267.4 2213.21 2204.03 2265.56 2273.01 2255.42 2164.6 2167.07 2365.37 2319.59 2400.36 2448.68 2456.14 2441.97 2437.01 2422.79 2426.99 2235.4 2329.59 2394.66 2326.38 2326.33 2292.96 2357.23 2385.62 2466.52 2522.44 2541.59 -99999 -99999 -99999
2388.41 2244.96 2330.79 2310.71 2359.01 2367.37 2314.03 2186.44 2215.64 2138.9 2183.01 2221.42 2301.42 2273.78 2288.79 2340.41 2326.19 2314.52 2391.1 2378.66 2390.22 2421.12 2435.32 2449.51 2429.53 2510.36 2552.79 2567.01 2630.25 2630.25 2621.21 2561.12 2441.95 2526.16 2464.33 2321.78 2246.68 2155.84 2164.08 2215.67 2152.33 2223.07 2241.34 2157.92 2268.74 2232.03 2361.21 2342.88 2448.74 2436.25 2431.21 2417.86 2407.84 2391.21 2359.53 2340.44 2417.95 2402.14 2364.63 2306.33 2278.08 2357.21 2414.77 2468.14 2523.21 -99999 -99999 -99999 -99999
2377.51 2349.92 2232.44 2234.85 2243.21 2235.7 2353.95 2189.81 2203.95 2215.62 2246.49 2235.62 2147.23 2249.67 2221.32 2307.12 2295.45 2304.55 2312.03 2386.19 2404.49 2427.86 2441.18 2479.51 2482 2515.4 2528.68 2561.12 2597.75 2626.16 2617.86 2442.85 2251.21 2316.16 2401.18 2324.22 2205.84 2112.47 2091.51 2138.19 2057.37 2108.14 2126.36 2249.59 2332.85 2308.71 2359.51 2362.85 2342.05 2298.71 2265.42 2346.22 2349.53 2336.25 2351.23 2161.21 2299.62 2417.92 2415.48 2302.96 2331.34 2414.66 2473.04 2499.81 -99999 -99999 -99999 -99999 -99999
2331.59 2263.18 2216.58 2222.33 2254 2152.3 2308.14 2208.96 2210.68 2210.66 2224 2232.33 2214.79 2243.86 2254.63 2189.64 2248.79 2270.41 2319.59 2375.29 2394.55 2442.03 2449.51 2489.51 2492.05 2492.14 2523.73 2545.42 2583.62 2612.82 2582.85 2432.05 2157.07 2271.21 2341.07 2241.01 2189.15 2112.44 2089.04 2078.22 1923.15 1970.74 2093.1 2231.34 2309.56 2312 2372.96 2327.07 2304.55 2408.77 2240.36 2217.92 2322.99 2277.95 2295.4 2259.62 2254.63 2363.81 2390.52 2345.48 2383.86 2415.51 2497.15 2526.36 -99999 -99999 -99999 -99999 -99999
2352.3 2301.45 2252.3 2265.64 2198.08 2239.86 2329.78 2230.66 2275.67 2278.96 2238.19 2249.86 2236.52 2259.78 2270.55 2313.01 2298.85 2347.12 2397.97 2387.92 2386.16 2458.68 2466.22 2481.26 2433.78 2388.77 2517.07 2556.33 2567.95 2548.77 2432.11 2323.75 2132.08 2275.29 2336.93 2202.63 2155.95 2115.78 2076.58 2052.36 1863.18 1923.26 2113.97 2194.68 2262.11 2223.78 2257.92 2307.1 2307.1 2262.14 2343.73 2234.58 2198.77 2269.67 2233.86 2206.3 2261.26 2325.48 2363.81 2387.97 2421.37 2457.15 2484.68 -99999 -99999 -99999 -99999 -99999 -99999
2365.56 2338.9 2289.73 2307.21 2283.95 2333.97 2347.21 2334.03 2267.37 2257.34 2188.19 2255.7 2261.59 2279.86 2287.26 2348.9 2373.89 2318.85 2408.79 2425.42 2470.41 2471.23 2482.93 2471.26 2440.52 2396.36 2450.49 2527.23 2535.56 2540.52 2461.37 2412.99 2211.26 2274.58 2245.34 2209.34 2184.25 2126.68 2087.51 2025.75 1929.89 1964.82 2062.27 2138.05 2214.63 2196.27 2188.77 2330.44 2335.48 2216.36 2215.48 2301.37 2285.53 2228 2206.3 2228.85 2252.19 2308 2343.86 2353.86 2455.53 2463.04 2496.38 -99999 -99999 -99999 -99999 -99999 -99999
2229.7 2230.49 2258.9 2280.6 2309.73 2321.42 2341.45 2334.79 2374 2288.19 2294.03 2278.25 2298.22 2297.4 2324.05 2363.12 2366.47 2275.56 2357.26 2461.29 2411.32 2440.52 2449.67 2418 2408.05 2361.42 2412.27 2528.16 2534.03 2537.42 2525.67 2411.45 2214.71 2191.23 2126.25 2127.73 2123.51 2105.04 2053.29 1996.58 1987.42 2053.18 2137.32 2167.97 2283.04 2237.97 2249.59 2300.55 2276.33 2083.78 2254.63 2263.81 2259.7 2231.34 2228 2228 2190.52 2323.84 2324.68 2362.99 2400.41 2441.4 -99999 -99999 -99999 -99999 -99999 -99999 -99999
2189.64 2170.47 2097.95 2120.49 2218.9 2281.4 2307.26 2355.62 2339.04 2263.21 2237.45 2292.49 2338.27 2315.78 2322.47 2317.34 2301.51 2286.49 2436.38 2365.59 2268.88 2271.42 2282.19 2274.71 2362.3 2369.81 2483.18 2487.4 2561.59 2494.11 2483.21 2413.95 2305.62 2286.36 2090.41 2057.86 2107.67 2093.42 2098.36 2040.82 2084.88 2181.56 2144.79 2207.26 2248.05 2264.71 2226.38 2355.51 2331.37 2206.33 2238.88 2208.85 2265.51 2295.53 2264.66 2252.96 2233.01 2333.81 2336.3 2374.58 2416.3 2448.03 -99999 -99999 -99999 -99999 -99999 -99999 -99999
2183.78 2162.11 2171.23 2091.34 2113.07 2312.25 2343.92 2353.95 2361.53 2305.81 2244.14 2299.12 2325.75 2321.67 2329.04 2341.51 2310.63 2391.51 2361.51 2338.96 2281.48 2283.18 2293.1 2285.62 2314.85 2340.74 2464.93 2469.89 2565.81 2517.48 2465.81 2502.36 2429.81 2238.96 2102.22 2056.3 2040.33 2096 2144.3 2103.4 2258.33 2218.25 2175.53 2171.45 2255.56 2221.34 2303.89 2309.7 2342.22 2298.85 2208.88 2213.04 2273.95 2312.19 2341.34 2318.03 2314.6 2317.07 2349.59 2359.59 2398.03 -99999 -99999 -99999 -99999 -99999 -99999 -99999 -99999
2263.81 2289.59 2278.82 2256.3 2247.15 2298.9 2357.29 2365.59 2333.15 2300.77 2227.37 2295.78 2320.77 2335.75 2326.55 2343.32 2350.77 2398.14 2390.68 2304.82 2289.86 2292.41 2279.89 2308.99 2415.7 2464.11 2493.29 2474.19 2566.68 2499.97 2430.82 2485.81 2496.52 2358.99 2193.12 2087.21 2045.42 2100.3 2167.64 2247.56 2300.03 2252.52 2143.86 2224.68 2218.93 2204.74 2289.7 2348.85 2364.74 2283.89 2231.37 2291.4 2328.08 2377.15 2367.97 2334.74 2378.08 2323.78 2355.4 2395.51 2430.47 -99999 -99999 -99999 -99999 -99999 -99999 -99999 -99999
2287.92 2287.92 2271.26 2223.75 2240.55 2268.85 2324.71 2379.75 2386.49 2326.58 2261.59 2283.29 2309.04 2328.22 2334.11 2341.59 2332.38 2379.84 2337.32 2299.1 2297.34 2263.12 2269.07 2299.07 2483.29 2512.49 2540.05 2565.92 2438.38 2501.64 2498.38 2489.18 2500.74 2401.51 2198.19 2093.84 2073.78 2116.9 2097.73 2310.16 2368.44 2315.92 2146.47 2258.93 2298.85 2238.08 2326.38 2335.59 2354.66 2311.42 2314.74 2316.36 2292.22 2323.92 2363.07 2329.89 2427.29 2408.9 2371.32 2430.52 -99999 -99999 -99999 -99999 -99999 -99999 -99999 -99999 -99999
2266.22 2293.73 2282.96 2184.6 2219.64 2243.86 2233.1 2258.93 2372.33 2328.19 2189.07 2266.58 2289.92 2309.1 2323.21 2338.27 2351.59 2344.05 2304.05 2301.56 2302.38 2285.75 2293.32 2412.38 2383.23 2512.49 2539.23 2565.92 2567.62 2501.64 2474.19 2424.93 2478.27 2442.36 2234.79 2131.37 2064.6 2096.96 2029.4 2101.07 2382.66 2374.19 2206.49 2202.19 2192.22 2226.38 2315.53 2301.37 2200.49 2202.27 2202.19 2284.74 2283.89 2308.08 2381.42 2410.6 -99999 2447.26 2442.25 -99999 -99999 -99999 -99999 -99999 -99999 -99999 -99999 -99999 -99999
2282.93 2310.41 2296.3 2222.99 2207.97 2163.01 2208.88 2250.6 2293.12 2269.78 2224 2244.9 2271.53 2292.41 2309.86 2334.9 2313.26 2288.25 2308.19 2322.44 2306.52 2292.47 2295.84 2317.48 2443.29 2488.36 2539.18 2564.19 2542.6 2396.74 2492.49 2326.6 2409.95 2458.14 2305.59 2183.92 2053.01 2019.56 2007.01 2112.74 2289.37 2390.11 2274.85 2288.14 2256.41 2220.52 2089.84 2105.53 2054.77 2175.56 2199.73 2199.75 2278.11 2304.71 2328.08 2387.26 -99999 2476.49 -99999 -99999 -99999 -99999 -99999 -99999 -99999 -99999 -99999 -99999 -99999
2207.95 2311.26 2270.47 2243.78 2245.51 2215.56 2231.32 2264.74 2281.42 2253.95 2167.29 2221.48 2253.23 2285.78 2306.55 2315.67 2329.01 2326.55 2343.21 2360.71 2326.55 2291.59 2349.07 2413.26 2490 2508.25 2560 2559.15 2537.51 2533.29 2422.47 2314.08 2399.84 2411.45 2396.41 2287.21 2069.59 2109.53 2132.77 2053.62 2028.6 2292.71 2325.67 2284.79 2174.71 2115.64 1904.79 1872.19 1968.9 2008.96 2075.56 2223.04 2252.27 2331.45 2448.96 2475.62 -99999 -99999 -99999 -99999 -99999 -99999 -99999 -99999 -99999 -99999 -99999 -99999 -99999
2145.45 2168.82 2247.95 2241.32 2217.95 2244.68 2296.27 2351.4 2320.55 2243.04 2153.89 2204.79 2232.27 2274.93 2298.19 2336.55 2354.82 2353.23 2333.12 2333.15 2411.51 2394.05 2375.75 2417.45 2527.48 2529.95 2506.58 2554.14 2531.62 2478.27 2366.55 2300.66 2286.41 2375.51 2366.27 2299.59 2067.04 2234.52 2136.14 2043.64 2020.25 2298.52 2209.81 2221.48 2154.03 2003.92 1971.34 1971.45 1991.45 2080.6 2196.38 2194.79 2248.9 2332.25 2472.22 -99999 -99999 -99999 -99999 -99999 -99999 -99999 -99999 -99999 -99999 -99999 -99999 -99999 -99999
2169.59 2036.36 2141.32 2261.29 2305.37 2301.21 2326.25 2349.67 2328.03 2307.23 2205.45 2166.36 2190.55 2258.96 2298.99 2301.56 2351.48 2330.63 2389.04 2392.3 2410.68 2409.84 2495.67 2497.34 2498.16 2499.04 2498.19 2544.88 2519.04 2445.73 2293.04 2280.58 2179.64 2261.29 2332.85 2234.58 2062.9 2328.63 2321.95 1995.21 2041.12 2305.26 2164 2146.47 2065.67 1783.89 1874.77 1873.89 1950.63 1893.07 2077.23 2253.97 2308.14 2364.79 2473.12 -99999 -99999 -99999 -99999 -99999 -99999 -99999 -99999 -99999 -99999 -99999 -99999 -99999 -99999
2218.71 2066.22 1902.03 2158.74 2211.23 2315.37 2312.03 2327.92 2324.66 2278 2105.48 2136.33 2177.97 2219.59 2238.93 2333.92 2333.1 2350.6 2374.82 2347.26 2368.11 2404.82 2469.04 2445.7 2405.7 2422.36 2535.64 2532.25 2501.48 2366.44 2292.14 2216.25 2170.36 2185.37 2266.96 2284.47 2192.79 2319.42 2275.23 1958.6 2058.63 2348.6 2259.89 2194.03 2103.92 1969.75 1837.26 2009.64 1948.08 2098.88 2199.86 2252.27 2335.62 2421.42 2477.32 -99999 -99999 -99999 -99999 -99999 -99999 -99999 -99999 -99999 -99999 -99999 -99999 -99999 -99999
2291.26 2090.33 1922.05 2015.34 2023.59 2218.71 2319.53 2312.05 2324.58 2275.4 2099.62 2123.73 2166.27 2209.59 2230.36 2303.89 2304.71 2285.59 2306.33 2344.74 2362.25 2399.75 2378.03 2399.73 2440.6 2488.11 2511.4 2481.32 2465.51 2431.26 2348.68 2251.12 2153.59 2110.25 2217.78 2256.88 2338.55 2422.79 2313.62 2040.22 2206.85 2333.32 2328.99 2293.18 2273.23 2204 2077.23 2172.3 2074.71 2198.08 2251.45 2249.78 2334.79 2453.95 -99999 -99999 -99999 -99999 -99999 -99999 -99999 -99999 -99999 -99999 -99999 -99999 -99999 -99999 -99999
