assets/server-info/layers/temp_wettest.asc
NCOLS 494
NROWS 531
XLLCORNER -117
YLLCORNER -55.8333
CELLSIZE 0.166667
NODATA_VALUE -99999
[rows 128 to 159 of 531, columns 213 to 283 of 494]
-99999 -99999 -99999 -99999 -99999 -99999 -99999 -99999 -99999 -99999 -99999 -99999 -99999 -99999 -99999 -99999 -99999 -99999 -99999 -99999 -99999 -99999 -99999 -99999 -99999 -99999 -99999 -99999 -99999 -99999 -99999 -99999 -99999 -99999 -99999 -99999 -99999 -99999 -99999 -99999 -99999 -99999 -99999 -99999 2456.67 2343.33 -99999 -99999 -99999 2726.67 2666.67 2800 2700 2716.67 2726.67 2833.33 2853.33 2893.33 -99999 -99999 -99999 -99999 -99999 -99999 -99999 -99999 2873.33 2850 2773.33 2610 2236.67
-99999 -99999 -99999 -99999 -99999 -99999 -99999 -99999 -99999 -99999 -99999 -99999 -99999 -99999 -99999 -99999 -99999 -99999 -99999 -99999 -99999 -99999 -99999 -99999 -99999 -99999 -99999 -99999 -99999 -99999 -99999 -99999 -99999 -99999 -99999 -99999 -99999 -99999 -99999 -99999 -99999 -99999 -99999 -99999 1990 1986.67 1980 1973.33 1980 1993.33 2516.67 2430 2336.67 2633.33 2413.33 2693.33 2820 2906.67 -99999 -99999 -99999 -99999 -99999 2916.67 2876.67 2790 2773.33 2813.33 2713.33 2696.67 2396.67
-99999 -99999 -99999 -99999 -99999 -99999 -99999 -99999 -99999 -99999 -99999 -99999 -99999 -99999 -99999 -99999 -99999 -99999 -99999 -99999 -99999 -99999 -99999 -99999 -99999 -99999 -99999 -99999 -99999 -99999 -99999 -99999 -99999 -99999 -99999 -99999 -99999 -99999 -99999 2833.33 2840 -99999 -99999 2710 2340 993.33 643.33 793.33 813.33 1816.67 2253.33 2626.67 2536.67 2116.67 2546.67 2770 2843.33 2873.33 2876.67 -99999 2873.33 2873.33 2840 2793.33 2723.33 2703.33 2543.33 2466.67 2673.33 2496.67 2496.67
-99999 -99999 -99999 -99999 -99999 -99999 -99999 -99999 -99999 -99999 -99999 -99999 -99999 -99999 -99999 -99999 -99999 -99999 -99999 -99999 -99999 -99999 -99999 -99999 -99999 -99999 -99999 -99999 -99999 -99999 -99999 -99999 -99999 -99999 -99999 -99999 -99999 -99999 2700 2713.33 2796.67 -99999 2826.67 2710 2570 1813.33 453.33 950 1616.67 2316.67 2566.67 2486.67 2190 2233.33 2540 2770 2826.67 2873.33 2876.67 2850 2880 2843.33 2806.67 2630 2580 2436.67 2440 2483.33 2436.67 2430 2356.67
-99999 -99999 -99999 -99999 -99999 -99999 -99999 -99999 -99999 -99999 -99999 -99999 -99999 -99999 -99999 -99999 -99999 -99999 -99999 -99999 -99999 -99999 -99999 -99999 -99999 -99999 -99999 -99999 -99999 -99999 -99999 -99999 -99999 -99999 -99999 -99999 2693.33 2620 2666.67 2686.67 2733.33 2800 2816.67 2790 2700 1953.33 1770 1443.33 1933.33 2540 2616.67 2096.67 1873.33 2303.33 2640 2743.33 2826.67 2873.33 2873.33 2870 2873.33 2776.67 2683.33 2570 2396.67 2386.67 2403.33 2433.33 2400 2460 2480
-99999 -99999 -99999 -99999 -99999 -99999 -99999 -99999 -99999 -99999 -99999 -99999 -99999 -99999 -99999 -99999 -99999 -99999 -99999 -99999 -99999 -99999 -99999 -99999 -99999 -99999 -99999 -99999 -99999 -99999 -99999 -99999 -99999 -99999 -99999 -99999 2676.67 2636.67 2690 2626.67 2703.33 2723.33 2780 2753.33 2613.33 2116.67 2100 1926.67 2390 2616.67 2366.67 1536.67 1886.67 2226.67 2700 2810 2826.67 2870 2873.33 -99999 2873.33 2733.33 2616.67 2516.67 2090 2183.33 2386.67 2480 2506.67 2543.33 2380
-99999 -99999 -99999 -99999 -99999 -99999 -99999 -99999 -99999 -99999 -99999 -99999 -99999 -99999 -99999 -99999 -99999 -99999 -99999 -99999 -99999 -99999 -99999 -99999 -99999 -99999 -99999 -99999 -99999 -99999 -99999 -99999 -99999 -99999 -99999 -99999 2636.67 2636.67 2650 2670 2703.33 2690 2736.67 2713.33 2653.33 2526.67 2193.33 2513.33 2656.67 2616.67 1840 1300 1983.33 2073.33 2763.33 2816.67 2863.33 2866.67 -99999 -99999 -99999 2780 2593.33 2583.33 1983.33 2206.67 2490 2623.33 2683.33 2580 2373.33
-99999 -99999 -99999 -99999 -99999 -99999 -99999 -99999 -99999 -99999 -99999 -99999 -99999 -99999 -99999 -99999 -99999 -99999 -99999 -99999 -99999 -99999 -99999 -99999 -99999 -99999 -99999 -99999 -99999 -99999 -99999 -99999 -99999 -99999 -99999 -99999 2706.67 2600 2576.67 2646.67 2706.67 2690 2703.33 2700 2673.33 2583.33 2573.33 2600 2693.33 2626.67 1526.67 1056.67 1910 2690 2796.67 2816.67 2880 -99999 -99999 -99999 -99999 -99999 2730 2623.33 2163.33 2156.67 2450 2606.67 2650 2603.33 2420
-99999 -99999 -99999 -99999 -99999 -99999 -99999 -99999 -99999 -99999 -99999 -99999 -99999 -99999 -99999 -99999 -99999 -99999 -99999 -99999 -99999 -99999 -99999 -99999 -99999 -99999 -99999 -99999 -99999 -99999 -99999 -99999 -99999 -99999 -99999 -99999 2623.33 2510 2490 2740 2680 2710 2700 2636.67 2663.33 2696.67 2690 2753.33 2760 2626.67 1696.67 1723.33 2650 2826.67 2880 2900 2883.33 -99999 -99999 -99999 -99999 -99999 -99999 2556.67 2523.33 2103.33 2370 2653.33 2430 2413.33 2386.67
-99999 -99999 -99999 -99999 -99999 -99999 -99999 -99999 -99999 -99999 -99999 -99999 -99999 -99999 -99999 -99999 -99999 -99999 -99999 -99999 -99999 -99999 -99999 -99999 -99999 -99999 -99999 -99999 -99999 -99999 -99999 -99999 -99999 -99999 -99999 2686.67 2596.67 2460 2520 2713.33 2766.67 2710 2686.67 2663.33 2693.33 2693.33 2743.33 2773.33 2786.67 2636.67 2026.67 2203.33 2773.33 2833.33 2866.67 2893.33 -99999 -99999 -99999 -99999 -99999 -99999 -99999 2633.33 2440 2456.67 2366.67 2563.33 2110 2146.67 2286.67
-99999 -99999 -99999 -99999 -99999 -99999 -99999 -99999 -99999 -99999 -99999 2473.33 2526.67 -99999 -99999 -99999 -99999 -99999 -99999 -99999 -99999 -99999 -99999 -99999 -99999 -99999 -99999 -99999 -99999 -99999 -99999 -99999 -99999 -99999 -99999 -99999 2640 2456.67 2573.33 2713.33 2766.67 2710 2686.67 2690 2693.33 2703.33 2736.67 2746.67 2743.33 2556.67 1980 2573.33 2746.67 2816.67 2846.67 2860 -99999 -99999 -99999 -99999 -99999 -99999 2750 2646.67 2586.67 2436.67 2140 2130 1830 2183.33 1896.67
-99999 -99999 -99999 -99999 -99999 -99999 -99999 -99999 -99999 -99999 2520 2126.67 2316.67 2410 2523.33 2503.33 2366.67 2516.67 2536.67 -99999 -99999 -99999 -99999 -99999 -99999 -99999 -99999 -99999 -99999 -99999 -99999 -99999 -99999 -99999 -99999 2736.67 2636.67 2576.67 2610 2700 2763.33 2746.67 2736.67 2690 2690 2703.33 2740 2743.33 2706.67 1826.67 1973.33 2573.33 2743.33 2806.67 -99999 -99999 -99999 -99999 -99999 -99999 -99999 -99999 2863.33 2836.67 2636.67 2456.67 1996.67 1543.33 1883.33 2230 2130
-99999 -99999 -99999 -99999 -99999 -99999 -99999 -99999 -99999 2706.67 2520 2486.67 2176.67 2286.67 2356.67 2473.33 2503.33 2390 2413.33 2413.33 2443.33 -99999 -99999 -99999 -99999 -99999 -99999 -99999 -99999 -99999 -99999 -99999 2713.33 2676.67 2716.67 2716.67 2643.33 2613.33 2643.33 2700 2730 2760 2760 2766.67 2690 2676.67 2743.33 2736.67 2520 1993.33 2476.67 2713.33 2766.67 2850 -99999 -99999 -99999 -99999 -99999 -99999 -99999 2803.33 2690 2890 2143.33 2386.67 1516.67 1796.67 2183.33 2403.33 2510
-99999 -99999 -99999 -99999 -99999 2536.67 2473.33 2623.33 2626.67 2610 2576.67 2560 2613.33 2493.33 2543.33 2406.67 2343.33 2403.33 2526.67 2563.33 2356.67 2526.67 -99999 -99999 -99999 -99999 -99999 -99999 -99999 -99999 -99999 -99999 2670 2693.33 2703.33 2686.67 2653.33 2643.33 2676.67 2706.67 2730 2763.33 2763.33 2766.67 2770 2773.33 2770 2740 2186.67 2186.67 2416.67 2726.67 2766.67 2850 -99999 -99999 2763.33 -99999 -99999 -99999 2753.33 2810 2723.33 1683.33 1366.67 1506.67 1296.67 2063.33 2296.67 2566.67 2793.33
-99999 -99999 -99999 -99999 2550 2390 2500 2530 2576.67 2546.67 2616.67 2606.67 -99999 -99999 -99999 -99999 2236.67 2066.67 2006.67 2423.33 2503.33 2386.67 2520 -99999 -99999 -99999 -99999 -99999 -99999 -99999 -99999 2643.33 2593.33 2676.67 2680 2653.33 2683.33 2713.33 2713.33 2710 2703.33 2736.67 2763.33 2763.33 2746.67 2830 2830 2606.67 1736.67 2436.67 2330 2706.67 2766.67 2793.33 2816.67 -99999 -99999 2816.67 2760 2696.67 2766.67 2366.67 1470 1153.33 1150 1296.67 1736.67 2393.33 2610 2713.33 2773.33
2460 2393.33 2496.67 2420 2433.33 2240 2443.33 2676.67 2563.33 2540 2603.33 -99999 -99999 -99999 -99999 -99999 -99999 2466.67 2276.67 2270 2490 2433.33 2360 2480 -99999 -99999 -99999 -99999 -99999 -99999 2543.33 2606.67 2610 2673.33 2680 2606.67 2680 2703.33 2696.67 2713.33 2710 2740 2790 2816.67 2443.33 2776.67 2776.67 2613.33 1810 2053.33 2256.67 2666.67 2746.67 2810 2820 2833.33 2830 2860 2846.67 2696.67 2010 1060 866.67 936.67 1070 1753.33 2506.67 2546.67 2640 2720 2770
1760 2043.33 1963.33 1903.33 2156.67 2286.67 2430 2433.33 2390 2563.33 2720 -99999 -99999 -99999 -99999 -99999 -99999 -99999 2400 2390 2450 2533.33 2453.33 2160 2256.67 2466.67 -99999 -99999 2580 2526.67 2550 2496.67 2623.33 2650 2683.33 2653.33 2713.33 2700 2696.67 2723.33 2730 2753.33 2780 2740 2603.33 2810 2850 2613.33 1970 2143.33 2226.67 2583.33 2716.67 2796.67 2796.67 2796.67 2783.33 2830 2890 2686.67 1823.33 1420 1206.67 723.33 1896.67 2476.67 2663.33 2570 2670 2726.67 2740
2010 2180 2216.67 2290 2536.67 2496.67 2610 2640 2533.33 -99999 -99999 -99999 -99999 -99999 -99999 2453.33 -99999 -99999 2440 -99999 -99999 2453.33 2556.67 2490 2143.33 2346.67 2510 -99999 -99999 2480 2496.67 2506.67 2593.33 2616.67 2653.33 2663.33 2713.33 2730 2783.33 2763.33 2803.33 2840 2680 2613.33 2580 2780 2896.67 2556.67 1813.33 2143.33 2056.67 2143.33 2713.33 2736.67 2776.67 2773.33 2763.33 2700 2486.67 2300 2010 1620 1140 1653.33 2223.33 2726.67 2763.33 2743.33 2743.33 2733.33 2766.67
2410 2393.33 2520 2553.33 2480 2560 2673.33 -99999 -99999 -99999 -99999 -99999 -99999 -99999 2613.33 -99999 -99999 -99999 -99999 2516.67 2440 2596.67 2610 2610 2410 2163.33 2556.67 -99999 -99999 2486.67 2336.67 2416.67 2600 2590 2606.67 2643.33 2740 2770 2783.33 2793.33 2840 2850 2743.33 2283.33 2626.67 2713.33 2893.33 2803.33 2143.33 1816.67 1816.67 1973.33 2503.33 2630 2706.67 2636.67 2393.33 1646.67 1663.33 1660 1650 1520 1566.67 2420 2776.67 2786.67 2763.33 2756.67 2750 2746.67 2780
2496.67 2446.67 2506.67 2573.33 2510 2590 -99999 -99999 -99999 -99999 -99999 -99999 -99999 -99999 -99999 -99999 -99999 -99999 -99999 2493.33 2320 2526.67 2573.33 2610 2453.33 2173.33 2543.33 2583.33 -99999 2366.67 2213.33 2406.67 2443.33 2403.33 2620 2680 2783.33 2790 2796.67 2783.33 2823.33 2823.33 2616.67 2456.67 2403.33 2773.33 2886.67 2806.67 2286.67 1736.67 1576.67 1900 2243.33 2556.67 2440 2350 1946.67 1310 1643.33 1626.67 1796.67 1920 2250 2653.33 2820 2786.67 2773.33 2763.33 2756.67 2730 2756.67
2423.33 2600 2603.33 2510 2473.33 2593.33 2630 -99999 -99999 -99999 -99999 -99999 -99999 -99999 -99999 -99999 -99999 -99999 -99999 2356.67 2453.33 2450 2130 2313.33 2576.67 2403.33 2490 2603.33 -99999 2323.33 2223.33 2466.67 2253.33 2210 2363.33 2706.67 2783.33 2793.33 2820 2830 2766.67 2496.67 2520 2226.67 2403.33 2833.33 2826.67 2830 2696.67 1370 1413.33 1500 1990 2446.67 2356.67 1776.67 1300 1340 2093.33 2120 2373.33 2460 2620 2773.33 2780 2726.67 2723.33 2723.33 2723.33 2723.33 2730
2436.67 2580 -99999 2416.67 2330 2640 2543.33 2563.33 -99999 -99999 -99999 -99999 -99999 -99999 -99999 -99999 -99999 -99999 -99999 2070 2180 2326.67 2123.33 2236.67 2523.33 2610 2556.67 2593.33 2580 2340 2346.67 2386.67 2470 2150 2160 2593.33 2750 2760 2780 2866.67 2773.33 2430 2230 1980 2520 2830 2803.33 2836.67 2723.33 1870 1523.33 1346.67 2083.33 1973.33 2280 2153.33 2166.67 2270 2320 2446.67 2660 2713.33 2716.67 2723.33 2740 2703.33 2706.67 2710 2713.33 2716.67 2716.67
-99999 -99999 -99999 2406.67 2193.33 2470 2360 2533.33 2566.67 -99999 -99999 -99999 -99999 -99999 -99999 -99999 -99999 -99999 -99999 -99999 2480 2246.67 2086.67 1926.67 2230 2616.67 2636.67 2573.33 2590 2410 1970 2293.33 2513.33 2183.33 1863.33 2503.33 2826.67 2773.33 2740 2900 2800 2426.67 2243.33 2056.67 2586.67 2830 2803.33 2780 2763.33 2330 1706.67 1160 1686.67 1663.33 1756.67 2033.33 2553.33 2580 2576.67 2573.33 2720 2670 2686.67 2666.67 2700 2683.33 2690 2696.67 2670 2680 2710
-99999 -99999 -99999 -99999 2376.67 2403.33 2456.67 2636.67 2676.67 -99999 -99999 -99999 -99999 -99999 -99999 -99999 -99999 -99999 -99999 -99999 -99999 2346.67 2186.67 2090 2460 2623.33 2640 2603.33 2566.67 2600 2000 2240 2410 2086.67 1776.67 2463.33 2476.67 2513.33 2733.33 2783.33 2720 2426.67 1910 1976.67 2516.67 2830 2800 2783.33 2776.67 2460 1923.33 1053.33 1340 986.67 1146.67 1556.67 2143.33 2583.33 2606.67 2613.33 2653.33 2653.33 2693.33 2646.67 2676.67 2673.33 2673.33 2653.33 2663.33 2673.33 2673.33
-99999 -99999 -99999 -99999 2126.67 2366.67 2573.33 -99999 -99999 -99999 -99999 -99999 -99999 -99999 -99999 -99999 -99999 -99999 -99999 -99999 -99999 -99999 2363.33 2193.33 2316.67 2516.67 2646.67 2606.67 2630 2696.67 2530 1706.67 2260 1543.33 1796.67 1840 2523.33 2340 2413.33 2733.33 2493.33 2336.67 2236.67 2320 2690 2833.33 2796.67 2743.33 2686.67 2626.67 1990 923.33 873.33 906.67 1453.33 1773.33 2386.67 2500 2576.67 2600 2613.33 2603.33 2650 2643.33 2680 2663.33 2633.33 2646.67 2653.33 2663.33 2670
-99999 -99999 -99999 -99999 -99999 -99999 -99999 -99999 -99999 -99999 -99999 -99999 -99999 -99999 -99999 -99999 -99999 -99999 -99999 -99999 -99999 -99999 -99999 2390 2426.67 2513.33 2520 2550 2640 2536.67 2673.33 1950 2003.33 1343.33 2003.33 2003.33 1853.33 2253.33 2076.67 2316.67 2493.33 2253.33 2463.33 2640 2773.33 2836.67 2800 2683.33 2590 2380 2320 1116.67 900 1346.67 1116.67 2190 2453.33 2520 2586.67 2590 2613.33 2600 2640 2660 2636.67 2650 2623.33 2633.33 2650 2656.67 2663.33
-99999 -99999 -99999 -99999 -99999 -99999 -99999 -99999 -99999 -99999 -99999 -99999 -99999 -99999 -99999 -99999 -99999 -99999 -99999 -99999 -99999 -99999 -99999 2363.33 2190 2513.33 2526.67 2643.33 2706.67 2303.33 2420 2100 1926.67 1683.33 2006.67 1343.33 1606.67 2003.33 1993.33 1983.33 2343.33 2553.33 2710 2716.67 2766.67 2773.33 2746.67 2590 2253.33 2050 1950 1600 1240 850 776.67 1606.67 2093.33 2506.67 2566.67 2586.67 2610 2596.67 2640 2656.67 2650 2650 2623.33 2633.33 2640 2653.33 2663.33
-99999 -99999 -99999 -99999 -99999 -99999 -99999 -99999 -99999 -99999 -99999 -99999 -99999 -99999 -99999 -99999 -99999 -99999 -99999 -99999 -99999 -99999 -99999 -99999 2320 2456.67 2596.67 2713.33 2786.67 2403.33 2246.67 1610 2060 1850 1683.33 1436.67 1526.67 1840 2070 2113.33 2316.67 2580 2760 2750 2796.67 2760 2650 2490 1180 1910 1970 1743.33 1380 1020 846.67 1113.33 1766.67 2100 2386.67 2590 2603.33 2596.67 2640 2633.33 2630 2623.33 2626.67 2633.33 2640 2640 2650
-99999 -99999 -99999 -99999 -99999 -99999 -99999 -99999 -99999 -99999 -99999 -99999 -99999 -99999 -99999 -99999 -99999 -99999 -99999 -99999 -99999 -99999 -99999 -99999 -99999 2376.67 2666.67 2860 2873.33 2116.67 2546.67 1520 1430 1930 2173.33 1443.33 1523.33 2000 1980 2140 2320 2600 2766.67 2746.67 2713.33 2566.67 2436.67 2026.67 1163.33 1930 1886.67 1653.33 1560 1130 1190 666.67 1026.67 1523.33 2333.33 2563.33 2606.67 2600 2616.67 2640 2640 2636.67 2630 2633.33 2636.67 2643.33 2646.67
-99999 -99999 -99999 -99999 -99999 -99999 -99999 -99999 -99999 -99999 -99999 -99999 -99999 -99999 -99999 -99999 -99999 -99999 -99999 -99999 -99999 -99999 -99999 -99999 -99999 2236.67 2593.33 2713.33 2823.33 2173.33 2380 2000 1350 2010 2080 1456.67 1686.67 1673.33 1913.33 2236.67 2353.33 2600 2770 2646.67 2643.33 2636.67 2043.33 1956.67 1793.33 1883.33 1816.67 1416.67 1290 1153.33 1540 196.67 1146.67 2113.33 2446.67 2546.67 2610 2603.33 2620 2640 2630 2630 2633.33 2636.67 2630 2546.67 2570
-99999 -99999 -99999 -99999 -99999 -99999 -99999 -99999 -99999 -99999 -99999 -99999 -99999 -99999 -99999 -99999 -99999 -99999 -99999 -99999 -99999 -99999 -99999 -99999 2470 2196.67 2356.67 2563.33 2716.67 2606.67 2263.33 1656.67 1730 2143.33 2083.33 1646.67 1616.67 1710 1840 2240 2510 2870 2770 2606.67 2600 2323.33 2026.67 2023.33 1950 1873.33 1836.67 1093.33 1080 1410 730 1130 2206.67 2303.33 2473.33 2600 2590 2593.33 2613.33 2640 2640 2640 2640 2636.67 2643.33 2543.33 2536.67
-99999 -99999 -99999 -99999 -99999 -99999 -99999 -99999 -99999 -99999 -99999 -99999 -99999 -99999 -99999 -99999 -99999 -99999 -99999 -99999 -99999 -99999 -99999 -99999 -99999 2183.33 2276.67 2453.33 2646.67 2630 2480 1623.33 1680 2050 2220 1753.33 1746.67 1683.33 2083.33 2230 2576.67 2866.67 2790 2596.67 2343.33 2380 1796.67 1796.67 1723.33 1686.67 1660 823.33 1160 1086.67 1160 1570 2313.33 2310 2533.33 2583.33 2593.33 2593.33 2616.67 2643.33 2613.33 2640 2643.33 2640 2643.33 2536.67 2530
