assets/server-info/layers/temp_wettest.asc
NCOLS 494
NROWS 531
XLLCORNER -117
YLLCORNER -55.8333
CELLSIZE 0.166667
NODATA_VALUE -99999
[rows 32 to 63 of 531, columns 71 to 141 of 494]
2440 2443.33 2396.67 2346.67 2326.67 2293.33 2273.33 1970 2476.67 2236.67 2370 2466.67 2503.33 2490 2460 2423.33 2260 2496.67 2596.67 2460 2356.67 2726.67 2783.33 2666.67 2523.33 2630 2620 2676.67 2733.33 2756.67 2610 2666.67 2786.67 2840 2883.33 2866.67 2843.33 2820 2690 2766.67 2770 2790 2840 -99999 -99999 -99999 -99999 -99999 -99999 -99999 -99999 -99999 -99999 -99999 -99999 -99999 -99999 -99999 -99999 -99999 -99999 -99999 -99999 -99999 -99999 -99999 -99999 -99999 -99999 -99999 -99999
2413.33 2430 2396.67 2363.33 2160 2280 2026.67 2283.33 2446.67 2426.67 2460 2510 2453.33 2510 2460 2393.33 2373.33 2493.33 2620 2613.33 2553.33 2770 2823.33 2863.33 2663.33 2540 2576.67 2723.33 2806.67 2736.67 2716.67 2770 2813.33 2826.67 2826.67 2820 2800 2783.33 2726.67 2750 2753.33 2780 2806.67 -99999 -99999 -99999 -99999 -99999 -99999 -99999 -99999 -99999 -99999 -99999 -99999 -99999 -99999 -99999 -99999 -99999 -99999 -99999 -99999 -99999 -99999 -99999 -99999 -99999 -99999 -99999 -99999
2326.67 2266.67 2370 2340 2316.67 2340 2353.33 2333.33 2396.67 2413.33 2426.67 2430 2400 2550 2396.67 2536.67 2490 2580 2693.33 2553.33 2716.67 2603.33 2780 2783.33 2776.67 2806.67 2493.33 2520 2700 2633.33 2486.67 2713.33 2713.33 2763.33 2776.67 2790 2780 2753.33 2733.33 2726.67 2723.33 2780 2806.67 -99999 -99999 -99999 -99999 -99999 -99999 -99999 -99999 -99999 -99999 -99999 -99999 -99999 -99999 -99999 -99999 -99999 -99999 -99999 -99999 -99999 -99999 -99999 -99999 -99999 -99999 -99999 -99999
2320 2300 2293.33 2343.33 2336.67 2390 2360 2350 2390 2403.33 2426.67 2420 2436.67 2370 2370 2453.33 2533.33 2260 2503.33 2500 2690 2490 2510 2596.67 2450 2643.33 2656.67 2696.67 2846.67 2786.67 2746.67 2906.67 2703.33 2736.67 2686.67 2700 2763.33 2720 2730 2730 2726.67 2776.67 2800 -99999 -99999 -99999 -99999 -99999 -99999 -99999 -99999 -99999 -99999 -99999 -99999 -99999 -99999 -99999 -99999 -99999 -99999 -99999 -99999 -99999 -99999 -99999 -99999 -99999 -99999 -99999 -99999
2270 2260 2280 2283.33 2353.33 2406.67 2430 2396.67 2403.33 2420 2386.67 2436.67 2400 2486.67 2246.67 2600 2666.67 2663.33 2636.67 2570 2430 2496.67 2390 2493.33 2563.33 2616.67 2616.67 2730 2370 2733.33 2716.67 2950 2696.67 2670 2640 2666.67 2746.67 2760 2746.67 2736.67 2723.33 2770 2806.67 -99999 -99999 -99999 -99999 -99999 -99999 -99999 -99999 -99999 -99999 -99999 -99999 -99999 -99999 -99999 -99999 -99999 -99999 -99999 -99999 -99999 -99999 -99999 -99999 -99999 -99999 -99999 -99999
2176.67 2156.67 2250 2326.67 2340 2376.67 2403.33 2440 2450 2460 2426.67 2506.67 2386.67 2553.33 2590 2766.67 2640 2440 2433.33 2623.33 2463.33 2306.67 2223.33 2493.33 2510 2613.33 2646.67 2743.33 2610 2576.67 2723.33 2676.67 2650 2610 2616.67 2690 2780 2830 2433.33 2780 2776.67 2746.67 2796.67 -99999 -99999 -99999 -99999 -99999 -99999 -99999 -99999 -99999 -99999 -99999 -99999 -99999 -99999 -99999 -99999 -99999 -99999 -99999 -99999 -99999 -99999 -99999 -99999 -99999 -99999 -99999 -99999
2090 2130 2256.67 2270 2340 2360 2403.33 2463.33 2480 2470 2543.33 2550 2373.33 2560 2480 2776.67 2616.67 2430 2263.33 2383.33 2473.33 2433.33 2393.33 2433.33 2433.33 2533.33 2410 2610 2630 2316.67 2423.33 2433.33 2243.33 2513.33 2656.67 2730 2776.67 2820 2463.33 2796.67 2743.33 2713.33 2746.67 -99999 -99999 -99999 -99999 -99999 -99999 -99999 -99999 -99999 -99999 -99999 -99999 -99999 -99999 -99999 -99999 -99999 -99999 -99999 -99999 -99999 -99999 -99999 -99999 -99999 -99999 -99999 -99999
2046.67 2100 2183.33 2323.33 2333.33 2350 2396.67 2430 2526.67 2540 2546.67 2556.67 2563.33 2583.33 2603.33 2560 2680 2493.33 2513.33 2386.67 2220 2350 2350 2456.67 2503.33 2173.33 2113.33 2246.67 2413.33 2496.67 2550 2426.67 2096.67 2516.67 2620 2670 2746.67 2986.67 2780 2756.67 2683.33 2686.67 2723.33 -99999 -99999 -99999 -99999 -99999 -99999 -99999 -99999 -99999 -99999 -99999 -99999 -99999 -99999 -99999 -99999 -99999 -99999 -99999 -99999 -99999 -99999 -99999 -99999 -99999 -99999 -99999 -99999
2033.33 2240 2196.67 2343.33 2280 2393.33 2336.67 2230 2436.67 2523.33 2493.33 2630 2616.67 2606.67 2636.67 2636.67 2610 2610 2583.33 2513.33 2463.33 2476.67 2296.67 2506.67 2503.33 2603.33 2390 2360 2460 2510 2600 2603.33 2436.67 2543.33 2606.67 2696.67 2763.33 2743.33 2736.67 2713.33 2696.67 2680 2723.33 2736.67 2716.67 2420 2420 2420 2426.67 -99999 -99999 -99999 -99999 -99999 -99999 -99999 -99999 -99999 -99999 -99999 -99999 -99999 -99999 -99999 -99999 -99999 -99999 -99999 -99999 -99999 -99999
2106.67 2316.67 2260 2250 2270 2303.33 2313.33 2263.33 2410 2480 2370 2633.33 2613.33 2593.33 2626.67 2626.67 2630 2623.33 2593.33 2613.33 2590 2576.67 2456.67 2480 2513.33 2506.67 2286.67 2333.33 2250 2450 2530 2646.67 2650 2630 2643.33 2666.67 2760 2736.67 2760 2633.33 2673.33 2640 2686.67 2730 2740 2390 2413.33 2423.33 2733.33 -99999 -99999 -99999 -99999 -99999 -99999 -99999 -99999 -99999 -99999 -99999 -99999 -99999 -99999 -99999 -99999 -99999 -99999 -99999 -99999 -99999 -99999
2230 2363.33 2430 2280 2306.67 2336.67 2356.67 2083.33 2036.67 2450 2453.33 2590 2593.33 2586.67 2633.33 2630 2613.33 2506.67 2486.67 2550 2533.33 2540 2560 2493.33 2360 2303.33 2353.33 1930 1630 2400 2370 2653.33 2680 2680 2666.67 2706.67 2706.67 2713.33 2756.67 2726.67 2686.67 2640 2700 2703.33 2700 2703.33 2733.33 2736.67 -99999 -99999 -99999 -99999 -99999 -99999 -99999 -99999 -99999 -99999 -99999 -99999 -99999 -99999 -99999 -99999 -99999 -99999 -99999 -99999 -99999 -99999 -99999
2273.33 2290 2500 2510 2343.33 2356.67 2456.67 2246.67 2296.67 2370 2466.67 2426.67 2626.67 2666.67 2686.67 2646.67 2566.67 2390 2536.67 2423.33 2320 2476.67 2463.33 2436.67 2256.67 2320 2390 1653.33 1320 1466.67 2230 2410 2580 2660 2680 2670 2690 2743.33 2790 2760 2680 2633.33 2623.33 2660 2693.33 2696.67 2740 2736.67 -99999 -99999 -99999 -99999 -99999 -99999 -99999 -99999 -99999 -99999 -99999 -99999 -99999 -99999 -99999 -99999 -99999 -99999 -99999 -99999 -99999 -99999 -99999
2130 2100 2210 2280 2633.33 2263.33 2246.67 2386.67 2113.33 2240 2550 2530 2530 2580 2466.67 2673.33 2646.67 2586.67 2566.67 2476.67 2343.33 2100 2136.67 2236.67 2463.33 2483.33 1806.67 1596.67 1536.67 1443.33 1536.67 2093.33 2606.67 2593.33 2613.33 2666.67 2683.33 2713.33 2746.67 2873.33 2720 2660 2660 2693.33 2723.33 2730 2740 2740 -99999 -99999 -99999 -99999 -99999 -99999 -99999 -99999 -99999 -99999 -99999 -99999 -99999 -99999 -99999 -99999 -99999 -99999 -99999 -99999 -99999 -99999 -99999
2060 2123.33 2166.67 2356.67 2580 2376.67 2270 1860 1866.67 2280 2623.33 2750 2643.33 2390 2483.33 2446.67 2386.67 2403.33 2473.33 2416.67 2420 2356.67 2190 2180 2186.67 2293.33 2086.67 1890 1753.33 1550 1613.33 2243.33 2506.67 2570 2593.33 2643.33 2653.33 2713.33 2770 2880 2833.33 2680 2666.67 2720 2740 2743.33 2743.33 -99999 -99999 -99999 -99999 -99999 -99999 -99999 -99999 -99999 -99999 -99999 -99999 -99999 -99999 -99999 -99999 -99999 -99999 -99999 -99999 -99999 -99999 -99999 -99999
1776.67 2000 2133.33 2216.67 2283.33 2270 1956.67 2066.67 2220 2303.33 2380 2606.67 2623.33 2450 2463.33 2360 2323.33 2306.67 2243.33 2373.33 2270 2250 2346.67 2373.33 2316.67 2256.67 2116.67 1910 1703.33 1753.33 1603.33 1826.67 1876.67 2553.33 2593.33 2700 2686.67 2656.67 2646.67 2573.33 2596.67 2686.67 2706.67 2696.67 2733.33 2760 2756.67 -99999 -99999 -99999 -99999 -99999 -99999 -99999 -99999 -99999 -99999 -99999 -99999 -99999 -99999 -99999 -99999 -99999 -99999 -99999 -99999 -99999 -99999 -99999 -99999
1900 1610 1933.33 2150 2263.33 2150 1720 1870 2016.67 2150 2180 2310 2466.67 2393.33 2406.67 2316.67 2306.67 2310 2220 2213.33 2373.33 2226.67 2086.67 2333.33 2360 2300 2203.33 1906.67 1710 1730 1786.67 1773.33 1710 2173.33 2573.33 2663.33 2610 2410 2276.67 2213.33 2400 2573.33 2680 2710 2740 2766.67 -99999 -99999 -99999 -99999 -99999 -99999 -99999 -99999 -99999 -99999 -99999 -99999 -99999 -99999 -99999 -99999 -99999 -99999 -99999 -99999 -99999 -99999 -99999 -99999 -99999
1856.67 1780 2063.33 2140 2093.33 2010 1740 1860 1940 2023.33 2120 2300 2350 2333.33 2276.67 2280 2296.67 2320 2263.33 2146.67 2130 2273.33 2013.33 2050 2260 1843.33 2090 1983.33 1680 1770 1750 1563.33 1686.67 2220 2456.67 2580 2690 2383.33 2350 2183.33 2403.33 2640 2690 2690 2750 2776.67 -99999 -99999 -99999 -99999 -99999 -99999 -99999 -99999 -99999 -99999 -99999 -99999 -99999 -99999 -99999 -99999 -99999 -99999 -99999 -99999 -99999 -99999 -99999 -99999 -99999
1906.67 1920 1780 2040 2010 1983.33 2060 2043.33 1916.67 1863.33 2036.67 2133.33 2166.67 2180 2250 2150 2180 2266.67 2306.67 2183.33 2116.67 2166.67 2130 2183.33 2180 2076.67 1983.33 2010 2030 1796.67 1830 1686.67 1320 2110 2110 2590 2670 2680 2533.33 2483.33 2593.33 2643.33 2643.33 2673.33 2753.33 2780 -99999 -99999 -99999 -99999 -99999 -99999 -99999 -99999 -99999 -99999 -99999 -99999 -99999 -99999 -99999 -99999 -99999 -99999 -99999 -99999 -99999 -99999 -99999 -99999 -99999
1630 1810 1760 1990 2056.67 1993.33 1933.33 1903.33 1806.67 1846.67 1996.67 2063.33 2060 2066.67 2213.33 2156.67 2150 2170 2196.67 2213.33 2140 2093.33 2020 2176.67 2103.33 1886.67 2040 2013.33 2026.67 2020 1890 1863.33 1550 1863.33 2093.33 2570 2596.67 2693.33 2670 2576.67 2723.33 2716.67 2706.67 2700 2756.67 2783.33 -99999 -99999 -99999 -99999 -99999 -99999 -99999 -99999 -99999 -99999 -99999 -99999 -99999 -99999 -99999 -99999 -99999 -99999 -99999 -99999 -99999 -99999 -99999 -99999 -99999
1633.33 1770 1763.33 1860 1896.67 1956.67 1916.67 1930 1750 1743.33 1906.67 2030 2050 2110 2120 1923.33 2026.67 2086.67 2126.67 2160 2133.33 2043.33 2013.33 2000 1943.33 1933.33 2013.33 1926.67 1956.67 2076.67 2100 1950 1543.33 1960 1910 2343.33 2566.67 2686.67 2753.33 2713.33 2836.67 2616.67 2610 2686.67 2753.33 2756.67 -99999 -99999 -99999 -99999 -99999 -99999 -99999 -99999 -99999 -99999 -99999 -99999 -99999 -99999 -99999 -99999 -99999 -99999 -99999 -99999 -99999 -99999 -99999 -99999 -99999
1800 1776.67 1793.33 1930 2033.33 2080 1973.33 1933.33 1753.33 1960 1950 2030 2226.67 2210 2120 1880 1856.67 2046.67 2056.67 2063.33 1996.67 1946.67 1783.33 1866.67 1986.67 1950 1943.33 2000 2053.33 2236.67 2086.67 1906.67 1330 1763.33 1363.33 1780 2200 2706.67 2676.67 2656.67 2633.33 2613.33 2623.33 2653.33 2716.67 -99999 -99999 -99999 -99999 -99999 -99999 -99999 -99999 -99999 -99999 -99999 -99999 -99999 -99999 -99999 -99999 -99999 -99999 -99999 -99999 -99999 -99999 -99999 -99999 -99999 -99999
1980 1916.67 1846.67 1983.33 1900 2210 1936.67 1913.33 2056.67 1960 1990 2023.33 2200 2143.33 2026.67 1790 1960 2000 2043.33 1930 1790 1750 1740 1730 1986.67 1956.67 1780 2100 2076.67 2270 2110 2086.67 1470 1606.67 1443.33 1923.33 2106.67 2623.33 2626.67 2603.33 2396.67 2483.33 2600 2656.67 2713.33 2740 -99999 -99999 -99999 -99999 -99999 -99999 -99999 -99999 -99999 -99999 -99999 -99999 -99999 -99999 -99999 -99999 -99999 -99999 -99999 -99999 -99999 -99999 -99999 -99999 -99999
2063.33 2103.33 1810 1823.33 1960 2403.33 2000 1966.67 2160 2030 2003.33 2020 2160 2053.33 1786.67 1800 1990 2040 2053.33 1930 1763.33 1766.67 1753.33 1746.67 1736.67 2090 1963.33 1980 2250 2276.67 2280 2093.33 1950 1600 1756.67 2316.67 2116.67 2473.33 2686.67 2626.67 2426.67 2320 2563.33 2626.67 2720 2743.33 -99999 -99999 -99999 -99999 -99999 -99999 -99999 -99999 -99999 -99999 -99999 -99999 -99999 -99999 -99999 -99999 -99999 -99999 -99999 -99999 -99999 -99999 -99999 -99999 -99999
2213.33 2286.67 2030 1986.67 2120 2336.67 2033.33 1833.33 1983.33 1970 1980 1966.67 1966.67 1913.33 1880 1893.33 1966.67 1973.33 2080 1936.67 1923.33 1770 1770 1770 1773.33 1943.33 1963.33 2300 2253.33 2110 2283.33 2083.33 1853.33 1936.67 1973.33 2353.33 2466.67 2670 2810 2860 2276.67 2273.33 2456.67 2593.33 2773.33 -99999 -99999 -99999 -99999 -99999 -99999 -99999 -99999 -99999 -99999 -99999 -99999 -99999 -99999 -99999 -99999 -99999 -99999 -99999 -99999 -99999 -99999 -99999 -99999 -99999 -99999
2350 2333.33 2133.33 2280 2260 2336.67 2106.67 2146.67 2000 1946.67 1920 1893.33 1923.33 2000 1980 1960 2020 2173.33 1993.33 1936.67 1760 1770 1786.67 1800 1806.67 1960 2270 2310 2256.67 1766.67 2256.67 2213.33 2063.33 2050 1806.67 2136.67 2383.33 2783.33 2883.33 2923.33 2480 2370 2196.67 2603.33 2700 -99999 -99999 -99999 -99999 -99999 -99999 -99999 -99999 -99999 -99999 -99999 -99999 -99999 -99999 -99999 -99999 -99999 -99999 -99999 -99999 -99999 -99999 -99999 -99999 -99999 -99999
2476.67 2313.33 2370 2310 2290 2200 1986.67 2283.33 1930 1733.33 1726.67 1876.67 1876.67 1990 1966.67 1923.33 1943.33 1963.33 2083.33 1796.67 1780 1776.67 1776.67 1803.33 1823.33 1950 1776.67 1953.33 2563.33 2100 2236.67 2146.67 2046.67 2013.33 1910 2186.67 2276.67 2776.67 2903.33 2900 2656.67 2450 2300 2540 2670 -99999 -99999 -99999 -99999 -99999 -99999 -99999 -99999 -99999 -99999 -99999 -99999 -99999 -99999 -99999 -99999 -99999 -99999 -99999 -99999 -99999 -99999 -99999 -99999 -99999 -99999
2963.33 2740 2556.67 1933.33 1956.67 2150 1943.33 2256.67 1993.33 1793.33 1706.67 1810 1666.67 1703.33 1860 1843.33 1853.33 1886.67 1883.33 1800 1786.67 1776.67 1933.33 1923.33 1890 2063.33 2096.67 2133.33 2300 2266.67 2193.33 2310 2290 2230 2130 2503.33 2600 2873.33 2943.33 2953.33 2853.33 2730 2630 2576.67 2646.67 -99999 -99999 -99999 -99999 -99999 -99999 -99999 -99999 -99999 -99999 -99999 -99999 -99999 -99999 -99999 -99999 -99999 -99999 -99999 -99999 -99999 -99999 -99999 -99999 -99999 -99999
2263.33 1870 2650 2336.67 2230 2433.33 2300 2460 2053.33 2043.33 1943.33 1856.67 1756.67 1786.67 1856.67 1843.33 1823.33 1843.33 1853.33 1860 1790 1770 1766.67 2036.67 2006.67 2036.67 2073.33 2123.33 2176.67 2303.33 2206.67 2310 2320 2213.33 2113.33 2506.67 2600 2773.33 2953.33 2956.67 2816.67 2723.33 2643.33 2586.67 2690 -99999 -99999 -99999 -99999 -99999 -99999 -99999 -99999 -99999 -99999 -99999 -99999 -99999 -99999 -99999 -99999 -99999 -99999 -99999 -99999 -99999 -99999 -99999 -99999 -99999 -99999
2730 2740 2390 2276.67 2373.33 2250 1800 2456.67 2120 2140 2120 1810 1743.33 1933.33 1866.67 1843.33 1823.33 1833.33 1860 1913.33 1896.67 1883.33 1886.67 1866.67 1863.33 2030 1910 1973.33 2186.67 2213.33 2446.67 2333.33 2360 2210 1923.33 2216.67 2570 2676.67 2790 2813.33 2786.67 2686.67 2633.33 2600 2710 -99999 -99999 -99999 -99999 -99999 -99999 -99999 -99999 -99999 -99999 -99999 -99999 -99999 -99999 -99999 -99999 -99999 -99999 -99999 -99999 -99999 -99999 -99999 -99999 -99999 -99999
2693.33 2626.67 2276.67 2330 2410 2303.33 2463.33 2286.67 2086.67 2250 2126.67 1893.33 1916.67 2016.67 1930 1883.33 1660 1853.33 2063.33 1920 1923.33 1900 1826.67 1830 1840 1976.67 1843.33 2086.67 2233.33 2326.67 2493.33 2343.33 2380 2336.67 2023.33 2213.33 2586.67 2560 2743.33 2766.67 2716.67 2660 2620 2526.67 2640 -99999 -99999 -99999 -99999 -99999 -99999 -99999 -99999 -99999 -99999 -99999 -99999 -99999 -99999 -99999 -99999 -99999 -99999 -99999 -99999 -99999 -99999 -99999 -99999 -99999 -99999
2770 2560 2406.67 2263.33 2413.33 2483.33 2136.67 2300 2070 2230 2210 2160 2116.67 2046.67 2100 1866.67 1836.67 1833.33 2083.33 2113.33 1936.67 1893.33 1836.67 1843.33 1896.67 1776.67 1956.67 1873.33 2110 2483.33 2253.33 2343.33 2446.67 2370 2110 2220 2560 2643.33 2710 2746.67 2706.67 2666.67 2543.33 2526.67 2640 -99999 -99999 -99999 -99999 -99999 -99999 -99999 -99999 -99999 -99999 -99999 -99999 -99999 -99999 -99999 -99999 -99999 -99999 -99999 -99999 -99999 -99999 -99999 -99999 -99999 -99999
2783.33 2710 2360 2446.67 2380 2170 2140 2290 2076.67 2170 2263.33 2440 2293.33 2063.33 2093.33 1873.33 1846.67 2076.67 2156.67 1963.33 1943.33 1880 1813.33 1830 1830 1813.33 1666.67 1830 1636.67 2156.67 1996.67 2290 2426.67 2346.67 2070 2073.33 2610 2740 2730 2723.33 2693.33 2663.33 2556.67 2543.33 2660 -99999 -99999 -99999 -99999 -99999 -99999 -99999 -99999 -99999 -99999 -99999 -99999 -99999 -99999 -99999 -99999 -99999 -99999 -99999 -99999 -99999 -99999 -99999 -99999 -99999 -99999
