assets/server-info/layers/temp_dryest.asc
NCOLS 494
NROWS 531
XLLCORNER -117
YLLCORNER -55.8333
CELLSIZE 0.166667
NODATA_VALUE -99999
[rows 128 to 159 of 531, columns 213 to 283 of 494]
-99999 -99999 -99999 -99999 -99999 -99999 -99999 -99999 -99999 -99999 -99999 -99999 -99999 -99999 -99999 -99999 -99999 -99999 -99999 -99999 -99999 -99999 -99999 -99999 -99999 -99999 -99999 -99999 -99999 -99999 -99999 -99999 -99999 -99999 -99999 -99999 -99999 -99999 -99999 -99999 -99999 -99999 -99999 -99999 2396.67 2296.67 -99999 -99999 -99999 2693.33 2613.33 2716.67 2613.33 2626.67 2630 2730 2730 2766.67 -99999 -99999 -99999 -99999 -99999 -99999 -99999 -99999 2716.67 2703.33 2636.67 2463.33 2216.67
-99999 -99999 -99999 -99999 -99999 -99999 -99999 -99999 -99999 -99999 -99999 -99999 -99999 -99999 -99999 -99999 -99999 -99999 -99999 -99999 -99999 -99999 -99999 -99999 -99999 -99999 -99999 -99999 -99999 -99999 -99999 -99999 -99999 -99999 -99999 -99999 -99999 -99999 -99999 -99999 -99999 -99999 -99999 -99999 1946.67 1950 1950 1943.33 1953.33 1960 2473.33 2350 2253.33 2540 2310 2573.33 2690 2733.33 -99999 -99999 -99999 -99999 -99999 2726.67 2726.67 2653.33 2643.33 2660 2573.33 2570 2243.33
-99999 -99999 -99999 -99999 -99999 -99999 -99999 -99999 -99999 -99999 -99999 -99999 -99999 -99999 -99999 -99999 -99999 -99999 -99999 -99999 -99999 -99999 -99999 -99999 -99999 -99999 -99999 -99999 -99999 -99999 -99999 -99999 -99999 -99999 -99999 -99999 -99999 -99999 -99999 2693.33 2690 -99999 -99999 2683.33 2320 970 620 783.33 786.67 1793.33 2213.33 2550 2446.67 2016.67 2386.67 2610 2670 2690 2683.33 -99999 2690 2690 2663.33 2623.33 2560 2600 2426.67 2370 2530 2380 2353.33
-99999 -99999 -99999 -99999 -99999 -99999 -99999 -99999 -99999 -99999 -99999 -99999 -99999 -99999 -99999 -99999 -99999 -99999 -99999 -99999 -99999 -99999 -99999 -99999 -99999 -99999 -99999 -99999 -99999 -99999 -99999 -99999 -99999 -99999 -99999 -99999 -99999 -99999 2703.33 2686.67 2740 -99999 2796.67 2706.67 2566.67 1803.33 450 950 1610 2300 2536.67 2413.33 2100 2090 2376.67 2600 2650 2690 2683.33 2683.33 2690 2663.33 2636.67 2496.67 2486.67 2343.33 2320 2366.67 2326.67 2313.33 2223.33
-99999 -99999 -99999 -99999 -99999 -99999 -99999 -99999 -99999 -99999 -99999 -99999 -99999 -99999 -99999 -99999 -99999 -99999 -99999 -99999 -99999 -99999 -99999 -99999 -99999 -99999 -99999 -99999 -99999 -99999 -99999 -99999 -99999 -99999 -99999 -99999 2596.67 2656.67 2690 2720 2753.33 2800 2830 2830 2723.33 1973.33 1776.67 1390 1930 2516.67 2576.67 2003.33 1750 2170 2483.33 2580 2656.67 2693.33 2690 2683.33 2696.67 2610 2596.67 2490 2346.67 2343.33 2356.67 2333.33 2276.67 2350 2376.67
-99999 -99999 -99999 -99999 -99999 -99999 -99999 -99999 -99999 -99999 -99999 -99999 -99999 -99999 -99999 -99999 -99999 -99999 -99999 -99999 -99999 -99999 -99999 -99999 -99999 -99999 -99999 -99999 -99999 -99999 -99999 -99999 -99999 -99999 -99999 -99999 2510 2636.67 2776.67 2676.67 2753.33 2763.33 2810 2780 2630 2126.67 2100 1870 2333.33 2600 2320 1440 1756.67 2086.67 2550 2650 2666.67 2703.33 2713.33 -99999 2716.67 2620 2543.33 2466.67 2083.33 2153.33 2313.33 2373.33 2373.33 2423.33 2280
-99999 -99999 -99999 -99999 -99999 -99999 -99999 -99999 -99999 -99999 -99999 -99999 -99999 -99999 -99999 -99999 -99999 -99999 -99999 -99999 -99999 -99999 -99999 -99999 -99999 -99999 -99999 -99999 -99999 -99999 -99999 -99999 -99999 -99999 -99999 -99999 2490 2610 2706.67 2720 2753.33 2733.33 2770 2743.33 2680 2540 2196.67 2460 2650 2590 1763.33 1196.67 1846.67 1930 2620 2663.33 2703.33 2710 -99999 -99999 -99999 2713.33 2560 2573.33 1993.33 2183.33 2423.33 2510 2540 2453.33 2270
-99999 -99999 -99999 -99999 -99999 -99999 -99999 -99999 -99999 -99999 -99999 -99999 -99999 -99999 -99999 -99999 -99999 -99999 -99999 -99999 -99999 -99999 -99999 -99999 -99999 -99999 -99999 -99999 -99999 -99999 -99999 -99999 -99999 -99999 -99999 -99999 2616.67 2566.67 2590 2700 2756.67 2740 2743.33 2736.67 2700 2603.33 2586.67 2606.67 2686.67 2596.67 1443.33 943.33 1770 2556.67 2656.67 2670 2736.67 -99999 -99999 -99999 -99999 -99999 2716.67 2640 2180 2170 2396.67 2500 2513.33 2470 2320
-99999 -99999 -99999 -99999 -99999 -99999 -99999 -99999 -99999 -99999 -99999 -99999 -99999 -99999 -99999 -99999 -99999 -99999 -99999 -99999 -99999 -99999 -99999 -99999 -99999 -99999 -99999 -99999 -99999 -99999 -99999 -99999 -99999 -99999 -99999 -99999 2553.33 2480 2493.33 2790 2730 2766.67 2740 2673.33 2696.67 2713.33 2700 2753.33 2753.33 2570 1613.33 1613.33 2516.67 2686.67 2743.33 2756.67 2750 -99999 -99999 -99999 -99999 -99999 -99999 2573.33 2550 2146.67 2323.33 2570 2316.67 2296.67 2290
-99999 -99999 -99999 -99999 -99999 -99999 -99999 -99999 -99999 -99999 -99999 -99999 -99999 -99999 -99999 -99999 -99999 -99999 -99999 -99999 -99999 -99999 -99999 -99999 -99999 -99999 -99999 -99999 -99999 -99999 -99999 -99999 -99999 -99999 -99999 2626.67 2543.33 2426.67 2500 2723.33 2820 2763.33 2740 2700 2723.33 2716.67 2733.33 2753.33 2753.33 2576.67 1933.33 2100 2646.67 2706.67 2723.33 2753.33 -99999 -99999 -99999 -99999 -99999 -99999 -99999 2693.33 2493.33 2483.33 2353.33 2476.67 1993.33 2036.67 2233.33
-99999 -99999 -99999 -99999 -99999 -99999 -99999 -99999 -99999 -99999 -99999 2563.33 2710 -99999 -99999 -99999 -99999 -99999 -99999 -99999 -99999 -99999 -99999 -99999 -99999 -99999 -99999 -99999 -99999 -99999 -99999 -99999 -99999 -99999 -99999 -99999 2603.33 2426.67 2550 2716.67 2820 2763.33 2736.67 2726.67 2720 2706.67 2736.67 2733.33 2720 2513.33 1926.67 2500 2673.33 2696.67 2713.33 2736.67 -99999 -99999 -99999 -99999 -99999 -99999 2763.33 2693.33 2613.33 2443.33 2130 2066.67 1713.33 2080 1843.33
-99999 -99999 -99999 -99999 -99999 -99999 -99999 -99999 -99999 -99999 2630 2200 2506.67 2480 2566.67 2540 2410 2560 2533.33 -99999 -99999 -99999 -99999 -99999 -99999 -99999 -99999 -99999 -99999 -99999 -99999 -99999 -99999 -99999 -99999 2726.67 2620 2560 2620 2713.33 2816.67 2796.67 2783.33 2723.33 2723.33 2710 2740 2730 2670 1786.67 1920 2510 2670 2726.67 -99999 -99999 -99999 -99999 -99999 -99999 -99999 -99999 2776.67 2750 2613.33 2463.33 2016.67 1520 1820 2156.67 2113.33
-99999 -99999 -99999 -99999 -99999 -99999 -99999 -99999 -99999 2676.67 2610 2550 2250 2320 2406.67 2523.33 2553.33 2403.33 2383.33 2390 2463.33 -99999 -99999 -99999 -99999 -99999 -99999 -99999 -99999 -99999 -99999 -99999 2720 2700 2740 2733.33 2653.33 2606.67 2656.67 2720 2746.67 2816.67 2810 2810 2723.33 2680 2736.67 2700 2483.33 1943.33 2406.67 2640 2676.67 2766.67 -99999 -99999 -99999 -99999 -99999 -99999 -99999 2726.67 2626.67 2783.33 2066.67 2363.33 1503.33 1770 2156.67 2350 2546.67
-99999 -99999 -99999 -99999 -99999 2670 2583.33 2696.67 2686.67 2700 2670 2583.33 2626.67 2540 2586.67 2466.67 2453.33 2390 2493.33 2526.67 2350 2540 -99999 -99999 -99999 -99999 -99999 -99999 -99999 -99999 -99999 -99999 2693.33 2726.67 2743.33 2726.67 2676.67 2660 2703.33 2723.33 2750 2823.33 2810 2810 2803.33 2766.67 2730 2703.33 2110 2113.33 2340 2680 2680 2770 -99999 -99999 2840 -99999 -99999 -99999 2676.67 2706.67 2610 1570 1226.67 1406.67 1260 2073.33 2300 2556.67 2830
-99999 -99999 -99999 -99999 2663.33 2520 2626.67 2626.67 2663.33 2636.67 2670 2680 -99999 -99999 -99999 -99999 2310 2076.67 1980 2396.67 2513.33 2403.33 2476.67 -99999 -99999 -99999 -99999 -99999 -99999 -99999 -99999 2666.67 2626.67 2713.33 2726.67 2686.67 2720 2730 2736.67 2730 2720 2790 2810 2810 2766.67 2793.33 2756.67 2533.33 1706.67 2540 2423.33 2790 2713.33 2876.67 2896.67 -99999 -99999 2733.33 2683.33 2626.67 2690 2270 1353.33 1036.67 1046.67 1243.33 1753.33 2443.33 2656.67 2746.67 2816.67
2466.67 2460 2496.67 2516.67 2503.33 2310 2550 2713.33 2653.33 2640 2666.67 -99999 -99999 -99999 -99999 -99999 -99999 2573.33 2280 2290 2556.67 2496.67 2343.33 2460 -99999 -99999 -99999 -99999 -99999 -99999 2553.33 2626.67 2646.67 2706.67 2716.67 2646.67 2716.67 2733.33 2720 2730 2726.67 2813.33 2850 2850 2466.67 2746.67 2870 2690 1896.67 2136.67 2343.33 2743.33 2826.67 2893.33 2903.33 2906.67 2906.67 2760 2753.33 2613.33 1933.33 1006.67 760 883.33 1013.33 1753.33 2593.33 2576.67 2713.33 2780 2856.67
1786.67 2053.33 1993.33 1973.33 2240 2420 2500 2486.67 2490 2680 2816.67 -99999 -99999 -99999 -99999 -99999 -99999 -99999 2473.33 2480 2576.67 2623.33 2450 2140 2230 2430 -99999 -99999 2580 2543.33 2566.67 2523.33 2650 2683.33 2723.33 2683.33 2733.33 2730 2716.67 2780 2756.67 2823.33 2840 2803.33 2613.33 2793.33 2803.33 2690 2060 2226.67 2320 2666.67 2800 2890 2883.33 2873.33 2856.67 2780 2783.33 2583.33 1723.33 1363.33 1140 630 1823.33 2476.67 2696.67 2603.33 2690 2743.33 2806.67
2050 2176.67 2203.33 2376.67 2620 2540 2673.33 2726.67 2626.67 -99999 -99999 -99999 -99999 -99999 -99999 2560 -99999 -99999 2556.67 -99999 -99999 2546.67 2550 2463.33 2113.33 2313.33 2493.33 -99999 -99999 2506.67 2523.33 2523.33 2616.67 2650 2686.67 2693.33 2740 2756.67 2830 2816.67 2866.67 2906.67 2743.33 2670 2620 2766.67 2876.67 2640 1900 2230 2140 2226.67 2800 2820 2873.33 2856.67 2826.67 2576.67 2350 2186.67 1900 1533.33 1070 1563.33 2143.33 2713.33 2770 2763.33 2760 2743.33 2790
2523.33 2446.67 2570 2613.33 2540 2630 2743.33 -99999 -99999 -99999 -99999 -99999 -99999 -99999 2706.67 -99999 -99999 -99999 -99999 2640 2556.67 2666.67 2646.67 2583.33 2393.33 2140 2553.33 -99999 -99999 2520 2373.33 2446.67 2620 2616.67 2630 2666.67 2780 2820 2833.33 2846.67 2880 2893.33 2810 2356.67 2673.33 2753.33 2883.33 2780 2233.33 1900 1900 2066.67 2596.67 2723.33 2793.33 2766.67 2333.33 1523.33 1513.33 1516.67 1543.33 1430 1493.33 2330 2703.33 2763.33 2766.67 2766.67 2760 2750 2790
2583.33 2523.33 2563.33 2640 2600 2680 -99999 -99999 -99999 -99999 -99999 -99999 -99999 -99999 -99999 -99999 -99999 -99999 -99999 2610 2426.67 2620 2586.67 2573.33 2453.33 2180 2550 2610 -99999 2406.67 2250 2436.67 2463.33 2426.67 2653.33 2713.33 2826.67 2836.67 2840 2830 2860 2873.33 2690 2520 2450 2813.33 2920 2790 2276.67 1713.33 1553.33 1866.67 2330 2653.33 2406.67 2323.33 1850 1203.33 1526.67 1530 1686.67 1826.67 2160 2563.33 2733.33 2760 2760 2773.33 2770 2740 2770
2566.67 2673.33 2660 2576.67 2573.33 2683.33 2790 -99999 -99999 -99999 -99999 -99999 -99999 -99999 -99999 -99999 -99999 -99999 -99999 2470 2570 2570 2213.33 2306.67 2610 2423.33 2503.33 2626.67 -99999 2360 2250 2496.67 2276.67 2236.67 2386.67 2740 2816.67 2830 2876.67 2856.67 2796.67 2563.33 2593.33 2300 2456.67 2876.67 2873.33 2863.33 2673.33 1356.67 1386.67 1473.33 1960 2400 2316.67 1726.67 1276.67 1290 2023.33 2046.67 2300 2363.33 2520 2710 2726.67 2756.67 2756.67 2760 2760 2763.33 2773.33
2526.67 2650 -99999 2500 2436.67 2733.33 2660 2666.67 -99999 -99999 -99999 -99999 -99999 -99999 -99999 -99999 -99999 -99999 -99999 2166.67 2280 2426.67 2210 2310 2550 2626.67 2570 2610 2596.67 2370 2380 2413.33 2506.67 2170 2186.67 2626.67 2786.67 2790 2810 2900 2810 2493.33 2303.33 2053.33 2593.33 2890 2856.67 2876.67 2743.33 1866.67 1513.33 1410 2150 1936.67 2236.67 2156.67 2176.67 2283.33 2296.67 2406.67 2583.33 2650 2696.67 2723.33 2743.33 2746.67 2746.67 2756.67 2756.67 2756.67 2760
-99999 -99999 -99999 2483.33 2323.33 2600 2536.67 2706.67 2646.67 -99999 -99999 -99999 -99999 -99999 -99999 -99999 -99999 -99999 -99999 -99999 2576.67 2343.33 2180 2013.33 2313.33 2623.33 2650 2590 2610 2426.67 1996.67 2330 2556.67 2216.67 1890 2536.67 2860 2783.33 2753.33 2923.33 2850 2490 2306.67 2140 2670 2900 2870 2840 2803.33 2350 1700 1140 1616.67 1596.67 1730 2036.67 2620 2613.33 2586.67 2573.33 2703.33 2696.67 2710 2700 2773.33 2770 2736.67 2743.33 2720 2723.33 2753.33
-99999 -99999 -99999 -99999 2516.67 2610 2583.33 2830 2776.67 -99999 -99999 -99999 -99999 -99999 -99999 -99999 -99999 -99999 -99999 -99999 -99999 2440 2276.67 2180 2553.33 2623.33 2650 2610 2583.33 2630 2030 2273.33 2443.33 2120 1820 2506.67 2516.67 2526.67 2760 2803.33 2746.67 2490 1976.67 2043.33 2586.67 2896.67 2880 2860 2843.33 2510 1940 1023.33 1266.67 916.67 1076.67 1570 2163.33 2560 2583.33 2613.33 2696.67 2696.67 2763.33 2733.33 2766.67 2770 2776.67 2753.33 2716.67 2720 2723.33
-99999 -99999 -99999 -99999 2263.33 2546.67 2773.33 -99999 -99999 -99999 -99999 -99999 -99999 -99999 -99999 -99999 -99999 -99999 -99999 -99999 -99999 -99999 2450 2286.67 2413.33 2613.33 2650 2616.67 2660 2726.67 2566.67 1740 2303.33 1583.33 1843.33 1866.67 2540 2350 2426.67 2750 2516.67 2396.67 2303.33 2393.33 2766.67 2910 2873.33 2813.33 2766.67 2686.67 2056.67 936.67 840 836.67 1433.33 1770 2353.33 2456.67 2546.67 2583.33 2636.67 2673.33 2743.33 2740 2763.33 2770 2736.67 2750 2753.33 2720 2720
-99999 -99999 -99999 -99999 -99999 -99999 -99999 -99999 -99999 -99999 -99999 -99999 -99999 -99999 -99999 -99999 -99999 -99999 -99999 -99999 -99999 -99999 -99999 2483.33 2520 2613.33 2586.67 2600 2673.33 2583.33 2723.33 1996.67 2073.33 1413.33 2063.33 2030 1863.33 2260 2083.33 2330 2516.67 2300 2526.67 2720 2853.33 2916.67 2883.33 2753.33 2666.67 2450 2383.33 1163.33 906.67 1320 1096.67 2176.67 2423.33 2486.67 2553.33 2586.67 2633.33 2670 2736.67 2773.33 2776.67 2770 2740 2746.67 2753.33 2756.67 2720
-99999 -99999 -99999 -99999 -99999 -99999 -99999 -99999 -99999 -99999 -99999 -99999 -99999 -99999 -99999 -99999 -99999 -99999 -99999 -99999 -99999 -99999 -99999 2456.67 2283.33 2606.67 2583.33 2676.67 2746.67 2346.67 2436.67 2116.67 1993.33 1750 2070 1376.67 1613.33 2010 1996.67 1990 2360 2596.67 2766.67 2790 2846.67 2850 2836.67 2670 2340 2123.33 2016.67 1653.33 1266.67 840 760 1590 2056.67 2483.33 2543.33 2593.33 2633.33 2676.67 2736.67 2770 2773.33 2773.33 2740 2736.67 2746.67 2756.67 2720
-99999 -99999 -99999 -99999 -99999 -99999 -99999 -99999 -99999 -99999 -99999 -99999 -99999 -99999 -99999 -99999 -99999 -99999 -99999 -99999 -99999 -99999 -99999 -99999 2396.67 2536.67 2670 2756.67 2816.67 2410 2256.67 1623.33 2123.33 1916.67 1750 1490 1533.33 1843.33 2066.67 2113.33 2323.33 2596.67 2810 2810 2870 2833.33 2726.67 2563.33 1270 1986.67 2033.33 1806.67 1416.67 1036.67 846.67 1093.33 1750 2073.33 2390 2603.33 2666.67 2676.67 2736.67 2740 2740 2740 2740 2740 2743.33 2746.67 2746.67
-99999 -99999 -99999 -99999 -99999 -99999 -99999 -99999 -99999 -99999 -99999 -99999 -99999 -99999 -99999 -99999 -99999 -99999 -99999 -99999 -99999 -99999 -99999 -99999 -99999 2456.67 2733.33 2863.33 2880 2123.33 2563.33 1543.33 1500 2006.67 2246.67 1503.33 1533.33 2006.67 1976.67 2140 2316.67 2610 2810 2800 2776.67 2640 2506.67 2096.67 1236.67 2000 1950 1696.67 1580 1140 1206.67 666.67 1016.67 1510 2336.67 2580 2670 2676.67 2706.67 2736.67 2736.67 2743.33 2740 2740 2736.67 2746.67 2746.67
-99999 -99999 -99999 -99999 -99999 -99999 -99999 -99999 -99999 -99999 -99999 -99999 -99999 -99999 -99999 -99999 -99999 -99999 -99999 -99999 -99999 -99999 -99999 -99999 -99999 2276.67 2620 2746.67 2850 2183.33 2393.33 2013.33 1416.67 2083.33 2166.67 1516.67 1696.67 1680 1910 2233.33 2356.67 2613.33 2810 2690 2696.67 2686.67 2096.67 2010 1846.67 1933.33 1866.67 1463.33 1276.67 1176.67 1540 206.67 1146.67 2113.33 2456.67 2566.67 2670 2673.33 2703.33 2740 2740 2743.33 2746.67 2746.67 2700 2613.33 2646.67
-99999 -99999 -99999 -99999 -99999 -99999 -99999 -99999 -99999 -99999 -99999 -99999 -99999 -99999 -99999 -99999 -99999 -99999 -99999 -99999 -99999 -99999 -99999 -99999 2513.33 2213.33 2373.33 2600 2750 2633.33 2270 1666.67 1710 2163.33 2093.33 1600 1623.33 1713.33 1843.33 2250 2513.33 2870 2800 2646.67 2636.67 2356.67 2016.67 2023.33 1940 1860 1863.33 1126.67 1103.33 1433.33 746.67 1146.67 2190 2313.33 2500 2626.67 2640 2650 2680 2710 2746.67 2746.67 2746.67 2746.67 2710 2626.67 2633.33
-99999 -99999 -99999 -99999 -99999 -99999 -99999 -99999 -99999 -99999 -99999 -99999 -99999 -99999 -99999 -99999 -99999 -99999 -99999 -99999 -99999 -99999 -99999 -99999 -99999 2200 2293.33 2473.33 2666.67 2663.33 2513.33 1633.33 1693.33 2036.67 2206.67 1730 1706.67 1686.67 2086.67 2246.67 2586.67 2870 2806.67 2616.67 2330 2363.33 1783.33 1780 1703.33 1653.33 1623.33 786.67 1126.67 1103.33 1173.33 1580 2326.67 2350 2556.67 2630 2653.33 2653.33 2676.67 2713.33 2686.67 2716.67 2713.33 2713.33 2713.33 2630 2640
