assets/server-info/layers/temp_dryest.asc
NCOLS 494
NROWS 531
XLLCORNER -117
YLLCORNER -55.8333
CELLSIZE 0.166667
NODATA_VALUE -99999
[rows 192 to 223 of 531, columns 284 to 354 of 494]
2493.33 2546.67 2546.67 2546.67 2546.67 2546.67 2546.67 2550 2553.33 2556.67 2560 2566.67 2570 2573.33 2573.33 2576.67 2576.67 2576.67 2583.33 2556.67 2530 2563.33 2503.33 2473.33 2446.67 2443.33 2506.67 2443.33 2390 2420 2473.33 2473.33 2526.67 2606.67 2583.33 2583.33 2610 2610 2583.33 2640 2643.33 2646.67 2666.67 2676.67 2680 2686.67 2696.67 2676.67 2746.67 2726.67 2730 2676.67 2713.33 2723.33 2726.67 2726.67 2733.33 2736.67 2736.67 2736.67 2736.67 2743.33 2723.33 2726.67 2786.67 2790 2823.33 2853.33 2860 2830 2836.67
2493.33 2520 2546.67 2546.67 2550 2546.67 2550 2550 2550 2550 2556.67 2560 2563.33 2563.33 2566.67 2530 2530 2536.67 2573.33 2576.67 2546.67 2553.33 2526.67 2496.67 2496.67 2496.67 2530 2500 2500 2500 2500 2530 2530 2610 2600 2600 2603.33 2603.33 2603.33 2603.33 2620 2636.67 2656.67 2656.67 2663.33 2676.67 2686.67 2696.67 2703.33 2710 2716.67 2726.67 2733.33 2713.33 2686.67 2750 2753.33 2753.33 2723.33 2733.33 2736.67 2736.67 2743.33 2783.33 2783.33 2783.33 2793.33 2823.33 2830 2830 2830
2523.33 2523.33 2546.67 2550 2546.67 2546.67 2550 2550 2546.67 2550 2550 2553.33 2556.67 2523.33 2526.67 2526.67 2526.67 2526.67 2526.67 2536.67 2546.67 2546.67 2490 2493.33 2523.33 2523.33 2553.33 2526.67 2526.67 2526.67 2500 2526.67 2580 2576.67 2596.67 2600 2600 2596.67 2600 2600 2556.67 2616.67 2623.33 2636.67 2636.67 2656.67 2676.67 2710 2693.33 2696.67 2710 2716.67 2726.67 2733.33 2736.67 2740 2743.33 2743.33 2720 2723.33 2726.67 2733.33 2776.67 2780 2776.67 2780 2786.67 2823.33 2820 2796.67 2800
2523.33 2523.33 2523.33 2520 2550 2546.67 2550 2546.67 2546.67 2546.67 2550 2550 2553.33 2526.67 2523.33 2516.67 2520 2516.67 2526.67 2526.67 2503.33 2506.67 2516.67 2516.67 2550 2523.33 2520 2550 2553.33 2553.33 2520 2553.33 2553.33 2573.33 2556.67 2590 2590 2590 2583.33 2583.33 2586.67 2593.33 2616.67 2623.33 2626.67 2636.67 2646.67 2686.67 2660 2670 2696.67 2703.33 2716.67 2720 2726.67 2733.33 2723.33 2693.33 2696.67 2700 2706.67 2710 2773.33 2773.33 2776.67 2776.67 2780 2816.67 2816.67 2823.33 2823.33
2523.33 2520 2520 2516.67 2513.33 2520 2513.33 2513.33 2513.33 2513.33 2580 2580 2583.33 2546.67 2546.67 2546.67 2546.67 2550 2556.67 2553.33 2556.67 2560 2566.67 2596.67 2573.33 2600 2606.67 2580 2610 2610 2583.33 2610 2610 2586.67 2616.67 2616.67 2583.33 2640 2640 2610 2640 2646.67 2623.33 2673.33 2680 2653.33 2696.67 2706.67 2690 2693.33 2700 2683.33 2633.33 2640 2643.33 2650 2626.67 2630 2633.33 2670 2700 2676.67 2676.67 2743.33 2803.33 2866.67 2866.67 2840 2816.67 2816.67 2746.67
2520 2516.67 2516.67 2516.67 2516.67 2520 2516.67 2513.33 2513.33 2516.67 2576.67 2583.33 2580 2546.67 2546.67 2546.67 2546.67 2550 2556.67 2550 2556.67 2556.67 2566.67 2566.67 2570 2600 2600 2600 2603.33 2606.67 2610 2610 2610 2613.33 2616.67 2616.67 2616.67 2633.33 2640 2640 2640 2643.33 2646.67 2646.67 2670 2676.67 2686.67 2696.67 2706.67 2690 2696.67 2670 2623.33 2600 2633.33 2616.67 2616.67 2623.33 2626.67 2663.33 2696.67 2673.33 2673.33 2740 2796.67 2830 2863.33 2840 2840 2813.33 2760
2520 2520 2520 2523.33 2523.33 2520 2520 2516.67 2516.67 2523.33 2576.67 2586.67 2550 2553.33 2550 2546.67 2546.67 2546.67 2556.67 2550 2556.67 2560 2563.33 2563.33 2566.67 2596.67 2596.67 2600 2600 2603.33 2606.67 2610 2606.67 2610 2616.67 2616.67 2616.67 2633.33 2640 2640 2640 2640 2640 2646.67 2646.67 2673.33 2676.67 2690 2696.67 2680 2690 2670 2586.67 2596.67 2633.33 2606.67 2646.67 2623.33 2623.33 2656.67 2720 2726.67 2700 2730 2763.33 2823.33 2863.33 2863.33 2796.67 2780 2756.67
2513.33 2526.67 2526.67 2526.67 2523.33 2523.33 2523.33 2523.33 2523.33 2516.67 2580 2583.33 2583.33 2546.67 2553.33 2546.67 2546.67 2556.67 2546.67 2550 2550 2556.67 2556.67 2563.33 2593.33 2593.33 2596.67 2596.67 2596.67 2600 2606.67 2606.67 2606.67 2610 2616.67 2616.67 2633.33 2620 2640 2636.67 2640 2640 2640 2640 2646.67 2650 2673.33 2683.33 2693.33 2676.67 2686.67 2663.33 2586.67 2596.67 2596.67 2636.67 2640 2646.67 2650 2653.33 2713.33 2750 2730 2690 2790 2823.33 2856.67 2823.33 2810 2780 2780
2520 2516.67 2526.67 2526.67 2526.67 2513.33 2513.33 2513.33 2513.33 2516.67 2583.33 2586.67 2583.33 2546.67 2546.67 2546.67 2546.67 2546.67 2546.67 2546.67 2550 2553.33 2556.67 2553.33 2586.67 2590 2593.33 2593.33 2596.67 2596.67 2603.33 2603.33 2606.67 2610 2613.33 2616.67 2616.67 2640 2636.67 2633.33 2636.67 2640 2640 2640 2643.33 2630 2640 2676.67 2690 2666.67 2680 2656.67 2610 2570 2576.67 2630 2640 2643.33 2646.67 2680 2713.33 2750 2726.67 2746.67 2756.67 2786.67 2786.67 2803.33 2806.67 2810 2780
2520 2490 2490 2510 2513.33 2513.33 2490 2490 2486.67 2486.67 2543.33 2546.67 2543.33 2550 2546.67 2546.67 2546.67 2546.67 2546.67 2546.67 2546.67 2550 2553.33 2553.33 2586.67 2586.67 2590 2593.33 2593.33 2586.67 2600 2600 2600 2610 2613.33 2616.67 2616.67 2640 2636.67 2633.33 2633.33 2633.33 2640 2640 2640 2626.67 2636.67 2676.67 2673.33 2646.67 2660 2636.67 2620 2596.67 2600 2606.67 2640 2646.67 2653.33 2656.67 2693.33 2723.33 2756.67 2773.33 2750 2786.67 2800 2800 2803.33 2806.67 2780
2496.67 2493.33 2526.67 2493.33 2486.67 2486.67 2486.67 2486.67 2486.67 2486.67 2543.33 2540 2543.33 2540 2540 2536.67 2546.67 2543.33 2543.33 2543.33 2543.33 2543.33 2580 2583.33 2583.33 2583.33 2583.33 2586.67 2576.67 2583.33 2586.67 2600 2600 2610 2613.33 2616.67 2616.67 2640 2636.67 2633.33 2633.33 2633.33 2640 2640 2643.33 2633.33 2640 2646.67 2660 2683.33 2630 2636.67 2616.67 2626.67 2630 2670 2640 2650 2656.67 2683.33 2690 2693.33 2740 2743.33 2780 2760 2766.67 2796.67 2800 2803.33 2803.33
2500 2496.67 2496.67 2493.33 2486.67 2486.67 2486.67 2486.67 2486.67 2486.67 2543.33 2540 2540 2536.67 2536.67 2536.67 2536.67 2536.67 2533.33 2543.33 2540 2536.67 2573.33 2576.67 2576.67 2580 2566.67 2573.33 2576.67 2580 2586.67 2590 2590 2603.33 2613.33 2613.33 2616.67 2620 2636.67 2636.67 2633.33 2636.67 2640 2640 2626.67 2633.33 2640 2650 2663.33 2666.67 2620 2636.67 2623.33 2626.67 2636.67 2640 2646.67 2653.33 2630 2660 2670 2693.33 2736.67 2743.33 2750 2756.67 2766.67 2796.67 2796.67 2803.33 2803.33
2500 2500 2500 2500 2486.67 2486.67 2486.67 2486.67 2486.67 2486.67 2540 2540 2540 2536.67 2536.67 2536.67 2536.67 2533.33 2530 2536.67 2536.67 2536.67 2563.33 2563.33 2560 2563.33 2566.67 2566.67 2576.67 2580 2586.67 2590 2590 2596.67 2613.33 2613.33 2616.67 2620 2623.33 2640 2640 2640 2623.33 2623.33 2630 2633.33 2640 2653.33 2666.67 2676.67 2650 2600 2650 2660 2640 2646.67 2653.33 2660 2660 2663.33 2673.33 2673.33 2736.67 2736.67 2723.33 2726.67 2763.33 2796.67 2796.67 2796.67 2803.33
2516.67 2506.67 2503.33 2500 2500 2486.67 2486.67 2486.67 2486.67 2486.67 2536.67 2536.67 2536.67 2536.67 2536.67 2536.67 2526.67 2526.67 2523.33 2520 2530 2530 2550 2550 2553.33 2560 2563.33 2566.67 2570 2580 2583.33 2590 2590 2606.67 2613.33 2613.33 2613.33 2620 2620 2620 2620 2623.33 2623.33 2630 2630 2630 2643.33 2616.67 2666.67 2680 2623.33 2600 2646.67 2660 2636.67 2613.33 2620 2650 2630 2633.33 2636.67 2643.33 2706.67 2740 2723.33 2730 2730 2766.67 2800 2796.67 2803.33
2480 2510 2506.67 2506.67 2506.67 2483.33 2483.33 2483.33 2483.33 2483.33 2536.67 2536.67 2536.67 2536.67 2533.33 2530 2526.67 2520 2520 2520 2523.33 2483.33 2513.33 2550 2550 2553.33 2560 2566.67 2570 2576.67 2580 2590 2590 2603.33 2610 2613.33 2613.33 2613.33 2620 2620 2620 2626.67 2630 2630 2630 2636.67 2613.33 2623.33 2633.33 2650 2630 2646.67 2656.67 2663.33 2643.33 2620 2653.33 2656.67 2630 2640 2640 2640 2673.33 2676.67 2756.67 2730 2733.33 2796.67 2796.67 2800 2800
2486.67 2480 2470 2500 2506.67 2506.67 2483.33 2483.33 2483.33 2483.33 2536.67 2536.67 2536.67 2533.33 2530 2526.67 2520 2520 2480 2480 2476.67 2476.67 2503.33 2513.33 2513.33 2520 2556.67 2560 2570 2573.33 2580 2586.67 2600 2603.33 2606.67 2613.33 2613.33 2613.33 2616.67 2626.67 2626.67 2630 2630 2630 2636.67 2613.33 2620 2630 2633.33 2663.33 2640 2650 2660 2670 2676.67 2656.67 2660 2666.67 2666.67 2670 2643.33 2643.33 2673.33 2706.67 2723.33 2763.33 2736.67 2793.33 2796.67 2800 2800
2516.67 2513.33 2513.33 2506.67 2503.33 2496.67 2493.33 2490 2486.67 2486.67 2486.67 2506.67 2503.33 2530 2530 2523.33 2520 2480 2476.67 2476.67 2476.67 2476.67 2503.33 2503.33 2513.33 2516.67 2520 2560 2570 2570 2580 2586.67 2596.67 2603.33 2606.67 2610 2610 2613.33 2623.33 2623.33 2626.67 2630 2630 2603.33 2606.67 2613.33 2623.33 2630 2643.33 2663.33 2676.67 2686.67 2670 2703.33 2686.67 2660 2663.33 2670 2670 2703.33 2676.67 2676.67 2676.67 2693.33 2693.33 2736.67 2736.67 2770 2823.33 2826.67 2833.33
2523.33 2516.67 2513.33 2506.67 2500 2496.67 2496.67 2493.33 2493.33 2486.67 2486.67 2483.33 2476.67 2503.33 2493.33 2493.33 2490 2480 2473.33 2476.67 2473.33 2473.33 2503.33 2503.33 2506.67 2516.67 2516.67 2526.67 2530 2570 2576.67 2583.33 2566.67 2573.33 2576.67 2580 2610 2593.33 2596.67 2600 2600 2600 2603.33 2606.67 2613.33 2620 2630 2636.67 2646.67 2676.67 2683.33 2696.67 2703.33 2710 2690 2700 2670 2676.67 2680 2710 2676.67 2680 2680 2716.67 2693.33 2693.33 2703.33 2806.67 2806.67 2826.67 2833.33
2523.33 2516.67 2516.67 2513.33 2500 2500 2496.67 2496.67 2496.67 2490 2486.67 2483.33 2476.67 2503.33 2496.67 2493.33 2486.67 2476.67 2476.67 2473.33 2473.33 2473.33 2503.33 2503.33 2503.33 2516.67 2516.67 2526.67 2530 2536.67 2546.67 2560 2566.67 2573.33 2580 2580 2593.33 2593.33 2600 2600 2603.33 2603.33 2603.33 2613.33 2613.33 2623.33 2633.33 2643.33 2653.33 2676.67 2686.67 2700 2710 2720 2700 2703.33 2706.67 2683.33 2683.33 2716.67 2713.33 2683.33 2713.33 2753.33 2726.67 2730 2730 2806.67 2806.67 2813.33 2820
2520 2516.67 2516.67 2510 2510 2500 2500 2496.67 2496.67 2493.33 2490 2483.33 2476.67 2503.33 2500 2493.33 2486.67 2476.67 2476.67 2473.33 2473.33 2473.33 2503.33 2503.33 2503.33 2516.67 2520 2523.33 2530 2536.67 2546.67 2563.33 2570 2573.33 2580 2590 2593.33 2596.67 2600 2603.33 2603.33 2606.67 2613.33 2613.33 2620 2626.67 2633.33 2643.33 2656.67 2680 2693.33 2703.33 2710 2723.33 2703.33 2710 2743.33 2713.33 2716.67 2716.67 2750 2716.67 2743.33 2753.33 2753.33 2733.33 2760 2736.67 2806.67 2813.33 2820
2526.67 2516.67 2513.33 2510 2510 2506.67 2500 2496.67 2496.67 2493.33 2490 2486.67 2476.67 2506.67 2500 2496.67 2486.67 2480 2476.67 2473.33 2473.33 2473.33 2503.33 2503.33 2503.33 2516.67 2520 2526.67 2530 2536.67 2546.67 2556.67 2560 2576.67 2586.67 2590 2593.33 2596.67 2603.33 2596.67 2603.33 2610 2613.33 2613.33 2620 2630 2633.33 2646.67 2656.67 2683.33 2696.67 2706.67 2720 2726.67 2706.67 2743.33 2746.67 2720 2753.33 2753.33 2750 2750 2743.33 2753.33 2753.33 2763.33 2760 2766.67 2806.67 2810 2823.33
2500 2490 2510 2510 2506.67 2506.67 2500 2493.33 2493.33 2493.33 2493.33 2486.67 2486.67 2506.67 2503.33 2496.67 2490 2483.33 2476.67 2476.67 2473.33 2473.33 2503.33 2503.33 2513.33 2516.67 2520 2530 2536.67 2536.67 2546.67 2560 2563.33 2583.33 2586.67 2590 2593.33 2596.67 2596.67 2596.67 2603.33 2606.67 2610 2613.33 2620 2630 2633.33 2650 2656.67 2683.33 2696.67 2710 2720 2733.33 2743.33 2743.33 2753.33 2723.33 2753.33 2753.33 2753.33 2750 2746.67 2753.33 2753.33 2760 2760 2766.67 2803.33 2810 2816.67
2500 2490 2483.33 2483.33 2503.33 2500 2500 2500 2493.33 2493.33 2493.33 2490 2486.67 2506.67 2503.33 2500 2496.67 2486.67 2480 2476.67 2476.67 2476.67 2503.33 2510 2516.67 2520 2523.33 2530 2536.67 2546.67 2546.67 2560 2570 2586.67 2590 2590 2593.33 2593.33 2596.67 2596.67 2603.33 2606.67 2610 2613.33 2620 2630 2633.33 2646.67 2656.67 2683.33 2696.67 2710 2720 2733.33 2743.33 2720 2753.33 2763.33 2730 2753.33 2753.33 2750 2746.67 2753.33 2753.33 2760 2730 2760 2803.33 2810 2820
2506.67 2493.33 2483.33 2476.67 2470 2500 2500 2500 2493.33 2493.33 2493.33 2493.33 2486.67 2513.33 2506.67 2503.33 2496.67 2493.33 2490 2486.67 2483.33 2483.33 2513.33 2516.67 2520 2520 2530 2536.67 2536.67 2546.67 2556.67 2563.33 2570 2590 2593.33 2593.33 2593.33 2593.33 2596.67 2596.67 2603.33 2603.33 2610 2610 2616.67 2630 2633.33 2650 2660 2676.67 2696.67 2710 2720 2733.33 2743.33 2716.67 2753.33 2756.67 2756.67 2753.33 2753.33 2750 2743.33 2753.33 2753.33 2760 2726.67 2763.33 2803.33 2810 2813.33
2513.33 2493.33 2483.33 2476.67 2470 2470 2500 2500 2500 2496.67 2496.67 2493.33 2490 2516.67 2506.67 2503.33 2500 2496.67 2496.67 2490 2490 2490 2516.67 2520 2520 2526.67 2530 2536.67 2543.33 2546.67 2560 2570 2583.33 2590 2593.33 2593.33 2593.33 2593.33 2596.67 2596.67 2600 2603.33 2606.67 2610 2616.67 2626.67 2640 2650 2656.67 2676.67 2683.33 2706.67 2720 2726.67 2740 2716.67 2753.33 2753.33 2753.33 2753.33 2750 2750 2743.33 2746.67 2753.33 2753.33 2753.33 2763.33 2763.33 2803.33 2806.67
2520 2510 2486.67 2480 2470 2470 2473.33 2500 2506.67 2496.67 2496.67 2496.67 2493.33 2516.67 2513.33 2506.67 2503.33 2500 2500 2496.67 2496.67 2496.67 2520 2523.33 2526.67 2530 2536.67 2536.67 2546.67 2556.67 2566.67 2573.33 2583.33 2586.67 2593.33 2590 2590 2590 2593.33 2593.33 2593.33 2600 2603.33 2610 2620 2630 2633.33 2646.67 2656.67 2670 2676.67 2693.33 2713.33 2723.33 2733.33 2710 2716.67 2750 2716.67 2750 2750 2743.33 2743.33 2736.67 2753.33 2753.33 2753.33 2760 2756.67 2760 2776.67
2536.67 2516.67 2500 2486.67 2480 2476.67 2476.67 2506.67 2510 2506.67 2496.67 2496.67 2496.67 2516.67 2516.67 2513.33 2510 2503.33 2500 2500 2500 2500 2530 2526.67 2530 2536.67 2536.67 2543.33 2556.67 2556.67 2573.33 2580 2583.33 2590 2590 2590 2590 2593.33 2593.33 2593.33 2593.33 2593.33 2603.33 2610 2613.33 2626.67 2633.33 2643.33 2653.33 2666.67 2676.67 2686.67 2703.33 2716.67 2726.67 2703.33 2713.33 2713.33 2713.33 2743.33 2743.33 2743.33 2736.67 2736.67 2750 2746.67 2750 2753.33 2730 2726.67 2770
2546.67 2530 2513.33 2493.33 2486.67 2483.33 2483.33 2510 2510 2510 2496.67 2496.67 2496.67 2520 2516.67 2516.67 2513.33 2510 2506.67 2503.33 2500 2500 2533.33 2530 2533.33 2536.67 2540 2553.33 2556.67 2573.33 2580 2583.33 2583.33 2590 2590 2590 2590 2593.33 2593.33 2593.33 2593.33 2596.67 2603.33 2610 2613.33 2626.67 2633.33 2643.33 2653.33 2660 2666.67 2683.33 2696.67 2710 2716.67 2696.67 2700 2706.67 2706.67 2740 2736.67 2736.67 2736.67 2733.33 2746.67 2746.67 2720 2720 2723.33 2726.67 2730
2586.67 2570 2553.33 2533.33 2526.67 2520 2520 2543.33 2540 2540 2540 2533.33 2530 2520 2516.67 2516.67 2516.67 2513.33 2513.33 2543.33 2540 2540 2540 2540 2536.67 2550 2550 2553.33 2556.67 2573.33 2583.33 2583.33 2583.33 2590 2590 2590 2590 2590 2593.33 2593.33 2593.33 2596.67 2603.33 2610 2613.33 2626.67 2633.33 2636.67 2646.67 2660 2666.67 2676.67 2686.67 2696.67 2710 2713.33 2720 2730 2730 2733.33 2730 2700 2703.33 2696.67 2700 2713.33 2713.33 2716.67 2716.67 2720 2720
2586.67 2573.33 2563.33 2550 2533.33 2530 2526.67 2546.67 2546.67 2543.33 2543.33 2543.33 2533.33 2533.33 2533.33 2516.67 2516.67 2516.67 2516.67 2543.33 2543.33 2543.33 2543.33 2550 2550 2550 2553.33 2556.67 2570 2576.67 2583.33 2586.67 2586.67 2590 2590 2590 2590 2590 2593.33 2593.33 2593.33 2596.67 2606.67 2610 2613.33 2626.67 2633.33 2640 2646.67 2653.33 2660 2670 2676.67 2686.67 2690 2703.33 2716.67 2720 2720 2720 2720 2696.67 2693.33 2696.67 2696.67 2710 2713.33 2713.33 2716.67 2720 2720
2586.67 2573.33 2563.33 2553.33 2543.33 2530 2530 2526.67 2546.67 2546.67 2546.67 2543.33 2540 2533.33 2533.33 2530 2516.67 2516.67 2516.67 2550 2546.67 2553.33 2553.33 2553.33 2556.67 2553.33 2556.67 2570 2570 2580 2583.33 2586.67 2586.67 2590 2590 2590 2590 2590 2590 2593.33 2593.33 2600 2606.67 2610 2616.67 2630 2633.33 2640 2646.67 2653.33 2656.67 2663.33 2673.33 2676.67 2683.33 2700 2710 2710 2713.33 2713.33 2716.67 2716.67 2690 2686.67 2690 2703.33 2706.67 2706.67 2710 2716.67 2713.33
2586.67 2573.33 2566.67 2560 2550 2546.67 2530 2526.67 2520 2546.67 2546.67 2543.33 2543.33 2533.33 2533.33 2533.33 2526.67 2520 2516.67 2556.67 2556.67 2556.67 2556.67 2556.67 2563.33 2566.67 2570 2570 2573.33 2580 2583.33 2586.67 2593.33 2593.33 2593.33 2590 2590 2590 2593.33 2600 2600 2606.67 2606.67 2613.33 2620 2626.67 2633.33 2640 2623.33 2626.67 2630 2640 2640 2670 2646.67 2653.33 2656.67 2700 2700 2710 2710 2680 2683.33 2676.67 2683.33 2700 2703.33 2703.33 2703.33 2710 2706.67
