assets/server-info/layers/temp_coolest.asc
NCOLS 494
NROWS 531
XLLCORNER -117
YLLCORNER -55.8333
CELLSIZE 0.166667
NODATA_VALUE -99999
[rows 192 to 223 of 531, columns 355 to 425 of 494]
2660 2640 2676.67 2626.67 2656.67 2640 2640 2640 2640 2640 2640 2530 2500 2496.67 2470 2470 2460 2453.33 2446.67 2446.67 2440 2433.33 2456.67 2423.33 2386.67 2380 2430 2420 2443.33 2463.33 2463.33 2456.67 2453.33 2476.67 2480 2473.33 2506.67 2506.67 2480 2446.67 2450 2503.33 2503.33 2563.33 2563.33 2563.33 2566.67 2566.67 -99999 -99999 -99999 -99999 -99999 -99999 -99999 -99999 -99999 -99999 -99999 -99999 -99999 -99999 -99999 -99999 -99999 -99999 -99999 -99999 -99999 -99999 -99999
2660 2666.67 2650 2650 2626.67 2630 2630 2630 2630 2630 2626.67 2520 2516.67 2510 2506.67 2453.33 2443.33 2440 2446.67 2440 2433.33 2430 2450 2423.33 2383.33 2403.33 2433.33 2453.33 2480 2466.67 2463.33 2440 2440 2450 2450 2473.33 2506.67 2506.67 2480 2513.33 2503.33 2503.33 2536.67 2563.33 2563.33 2570 2570 2570 -99999 -99999 -99999 -99999 -99999 -99999 -99999 -99999 -99999 -99999 -99999 -99999 -99999 -99999 -99999 -99999 -99999 -99999 -99999 -99999 -99999 -99999 -99999
2660 2646.67 2616.67 2616.67 2616.67 2653.33 2623.33 2623.33 2623.33 2623.33 2620 2503.33 2503.33 2503.33 2503.33 2443.33 2436.67 2456.67 2430 2450 2416.67 2416.67 2440 2436.67 2386.67 2403.33 2430 2453.33 2483.33 2506.67 2443.33 2440 2440 2426.67 2456.67 2483.33 2516.67 2493.33 2470 2493.33 2526.67 2533.33 2563.33 2563.33 2570 2570 2570 2570 -99999 -99999 -99999 -99999 -99999 -99999 -99999 -99999 -99999 -99999 -99999 -99999 -99999 -99999 -99999 -99999 -99999 -99999 -99999 -99999 -99999 -99999 -99999
2613.33 2623.33 2613.33 2613.33 2613.33 2643.33 2616.67 2616.67 2616.67 2616.67 2613.33 2500 2496.67 2493.33 2490 2456.67 2430 2453.33 2443.33 2440 2416.67 2413.33 2466.67 2460 2456.67 2400 2436.67 2450 2483.33 2503.33 2503.33 2440 2476.67 2450 2433.33 2483.33 2520 2490 2466.67 2526.67 2553.33 2563.33 2563.33 2563.33 2566.67 2573.33 2570 2573.33 2570 2576.67 -99999 -99999 -99999 -99999 -99999 -99999 -99999 -99999 -99999 -99999 -99999 -99999 -99999 -99999 -99999 -99999 -99999 -99999 -99999 -99999 -99999
2586.67 2586.67 2586.67 2610 2640 2663.33 2636.67 2606.67 2576.67 2576.67 2573.33 2566.67 2566.67 2566.67 2566.67 2533.33 2503.33 2500 2496.67 2470 2410 2406.67 2486.67 2513.33 2483.33 2480 2443.33 2466.67 2496.67 2520 2516.67 2436.67 2440 2440 2440 2473.33 2503.33 2536.67 2526.67 2526.67 2553.33 2553.33 2553.33 2560 2563.33 2563.33 2566.67 2570 2573.33 2576.67 2586.67 2586.67 2590 2590 2596.67 2596.67 -99999 -99999 -99999 -99999 -99999 -99999 -99999 -99999 -99999 -99999 -99999 -99999 -99999 -99999 -99999
2606.67 2606.67 2606.67 2606.67 2610 2656.67 2656.67 2596.67 2596.67 2596.67 2626.67 2560 2560 2556.67 2556.67 2526.67 2493.33 2493.33 2490 2486.67 2460 2483.33 2483.33 2510 2510 2480 2470 2463.33 2490 2483.33 2543.33 2450 2473.33 2440 2440 2503.33 2526.67 2553.33 2536.67 2560 2550 2553.33 2553.33 2560 2563.33 2563.33 2570 2570 2570 2583.33 2586.67 2586.67 2590 2570 2600 2600 2596.67 -99999 -99999 -99999 -99999 -99999 -99999 -99999 -99999 -99999 -99999 -99999 -99999 -99999 -99999
2603.33 2603.33 2630 2630 2630 2633.33 2630 2590 2586.67 2616.67 2616.67 2553.33 2580 2546.67 2543.33 2520 2516.67 2486.67 2483.33 2483.33 2483.33 2483.33 2483.33 2493.33 2516.67 2513.33 2486.67 2460 2460 2456.67 2513.33 2476.67 2503.33 2436.67 2410 2436.67 2530 2553.33 2553.33 2553.33 2556.67 2556.67 2553.33 2560 2563.33 2563.33 2570 2570 2573.33 2583.33 2583.33 2590 2590 2570 2600 2603.33 2600 2596.67 -99999 -99999 -99999 -99999 -99999 -99999 -99999 -99999 -99999 -99999 -99999 -99999 -99999
2623.33 2623.33 2626.67 2626.67 2626.67 2626.67 2626.67 2600 2616.67 2640 2606.67 2543.33 2566.67 2536.67 2533.33 2546.67 2510 2506.67 2506.67 2500 2500 2493.33 2490 2490 2513.33 2510 2506.67 2480 2473.33 2473.33 2513.33 2503.33 2473.33 2436.67 2436.67 2493.33 2523.33 2553.33 2553.33 2553.33 2553.33 2556.67 2560 2560 2563.33 2563.33 2570 2573.33 2576.67 2580 2583.33 2586.67 2590 2573.33 2603.33 2603.33 2603.33 2596.67 2590 -99999 -99999 -99999 -99999 -99999 -99999 -99999 -99999 -99999 -99999 -99999 -99999
2616.67 2616.67 2620 2620 2620 2620 2616.67 2616.67 2586.67 2616.67 2600 2563.33 2563.33 2560 2526.67 2566.67 2560 2526.67 2493.33 2463.33 2463.33 2513.33 2513.33 2486.67 2510 2473.33 2473.33 2503.33 2473.33 2440 2423.33 2503.33 2503.33 2463.33 2493.33 2523.33 2553.33 2553.33 2553.33 2573.33 2553.33 2556.67 2560 2560 2556.67 2570 2570 2573.33 2576.67 2580 2583.33 2586.67 2590 2573.33 2603.33 2603.33 2603.33 2596.67 2580 2573.33 2556.67 2536.67 2513.33 2496.67 2493.33 -99999 -99999 -99999 -99999 -99999 -99999
2616.67 2616.67 2616.67 2616.67 2563.33 2563.33 2616.67 2623.33 2593.33 2613.33 2613.33 2586.67 2586.67 2553.33 2536.67 2523.33 2553.33 2550 2490 2430 2486.67 2506.67 2506.67 2480 2506.67 2473.33 2473.33 2523.33 2496.67 2463.33 2466.67 2450 2500 2466.67 2493.33 2553.33 2553.33 2550 2550 2573.33 2550 2553.33 2560 2556.67 2556.67 2563.33 2570 2573.33 2576.67 2576.67 2580 2583.33 2586.67 2570 2596.67 2596.67 2596.67 2590 2580 2560 2550 2530 2493.33 2480 2483.33 2486.67 2503.33 2523.33 2540 -99999 -99999
2646.67 2646.67 2650 2653.33 2623.33 2653.33 2650 2646.67 2646.67 2640 2640 2603.33 2603.33 2563.33 2526.67 2520 2606.67 2546.67 2380 2400 2483.33 2480 2480 2476.67 2473.33 2500 2466.67 2440 2520 2466.67 2463.33 2473.33 2500 2500 2573.33 2573.33 2573.33 2573.33 2573.33 2573.33 2550 2550 2553.33 2556.67 2556.67 2540 2543.33 2570 2573.33 2573.33 2576.67 2580 2580 2583.33 2583.33 2583.33 2553.33 2576.67 2550 2536.67 2520 2493.33 2463.33 2446.67 2446.67 2486.67 2500 2520 2540 2560 2576.67
2646.67 2653.33 2653.33 2653.33 2653.33 2653.33 2646.67 2646.67 2646.67 2643.33 2636.67 2603.33 2600 2556.67 2523.33 2553.33 2603.33 2543.33 2423.33 2450 2536.67 2503.33 2470 2503.33 2500 2496.67 2523.33 2550 2550 2526.67 2463.33 2440 2493.33 2550 2573.33 2573.33 2570 2570 2563.33 2566.67 2546.67 2550 2550 2556.67 2556.67 2536.67 2543.33 2570 2573.33 2573.33 2573.33 2576.67 2576.67 2576.67 2576.67 2573.33 2573.33 2543.33 2543.33 2536.67 2520 2500 2470 2456.67 2450 2466.67 2483.33 2526.67 2550 2566.67 2586.67
2646.67 2646.67 2650 2650 2650 2650 2646.67 2646.67 2646.67 2640 2636.67 2600 2596.67 2583.33 2550 2573.33 2600 2566.67 2540 2476.67 2560 2496.67 2470 2500 2526.67 2523.33 2493.33 2490 2513.33 2523.33 2576.67 2500 2573.33 2573.33 2573.33 2570 2563.33 2563.33 2563.33 2563.33 2543.33 2543.33 2550 2550 2556.67 2556.67 2540 2566.67 2573.33 2573.33 2573.33 2573.33 2573.33 2573.33 2570 2563.33 2563.33 2543.33 2543.33 2536.67 2526.67 2510 2486.67 2466.67 2470 2473.33 2490 2530 2530 2550 2566.67
2646.67 2646.67 2653.33 2650 2653.33 2650 2650 2646.67 2646.67 2643.33 2636.67 2633.33 2590 2583.33 2576.67 2600 2593.33 2593.33 2556.67 2553.33 2580 2523.33 2496.67 2526.67 2553.33 2550 2550 2550 2513.33 2583.33 2600 2576.67 2573.33 2573.33 2566.67 2563.33 2563.33 2560 2556.67 2556.67 2560 2540 2550 2550 2553.33 2556.67 2560 2566.67 2566.67 2573.33 2573.33 2573.33 2573.33 2573.33 2566.67 2563.33 2563.33 2543.33 2543.33 2536.67 2526.67 2516.67 2503.33 2493.33 2490 2490 2506.67 2523.33 2540 2553.33 2570
2646.67 2650 2650 2653.33 2656.67 2656.67 2653.33 2650 2650 2646.67 2636.67 2630 2616.67 2610 2603.33 2600 2593.33 2586.67 2583.33 2576.67 2576.67 2553.33 2493.33 2610 2610 2610 2606.67 2600 2600 2600 2593.33 2576.67 2570 2563.33 2563.33 2556.67 2553.33 2553.33 2553.33 2553.33 2553.33 2536.67 2540 2546.67 2550 2556.67 2560 2556.67 2566.67 2566.67 2570 2573.33 2573.33 2570 2543.33 2543.33 2566.67 2543.33 2543.33 2536.67 2533.33 2520 2516.67 2510 2503.33 2513.33 2513.33 2530 2550 2560 2573.33
2646.67 2650 2653.33 2656.67 2656.67 2660 2656.67 2653.33 2653.33 2673.33 2666.67 2660 2650 2613.33 2603.33 2600 2616.67 2613.33 2576.67 2570 2573.33 2490 2553.33 2630 2630 2610 2603.33 2600 2593.33 2600 2593.33 2583.33 2563.33 2563.33 2556.67 2553.33 2550 2550 2550 2550 2553.33 2533.33 2536.67 2540 2543.33 2546.67 2553.33 2556.67 2560 2566.67 2563.33 2566.67 2570 2570 2543.33 2543.33 2543.33 2543.33 2543.33 2540 2536.67 2530 2520 2520 2520 2523.33 2530 2540 2553.33 2566.67 2576.67
2676.67 2653.33 2656.67 2656.67 2660 2696.67 2693.33 2693.33 2686.67 2676.67 2670 2633.33 2620 2613.33 2603.33 2600 2586.67 2606.67 2593.33 2590 2566.67 2570 2576.67 2576.67 2580 2576.67 2573.33 2556.67 2550 2540 2530 2523.33 2536.67 2530 2520 2543.33 2540 2540 2540 2540 2540 2530 2510 2513.33 2513.33 2523.33 2523.33 2556.67 2556.67 2533.33 2563.33 2563.33 2543.33 2543.33 2543.33 2543.33 2543.33 2543.33 2543.33 2510 2510 2503.33 2500 2500 2500 2500 2510 2516.67 2560 2566.67 2576.67
2676.67 2686.67 2656.67 2660 2666.67 2696.67 2696.67 2696.67 2690 2683.33 2673.33 2606.67 2620 2613.33 2606.67 2603.33 2593.33 2603.33 2573.33 2573.33 2563.33 2603.33 2606.67 2576.67 2580 2573.33 2560 2553.33 2546.67 2540 2526.67 2513.33 2526.67 2520 2513.33 2536.67 2533.33 2530 2530 2533.33 2536.67 2523.33 2500 2506.67 2510 2513.33 2523.33 2523.33 2556.67 2533.33 2560 2536.67 2536.67 2513.33 2510 2543.33 2543.33 2543.33 2540 2513.33 2510 2510 2506.67 2510 2510 2513.33 2513.33 2526.67 2536.67 2570 2580
2676.67 2686.67 2690 2696.67 2666.67 2696.67 2696.67 2696.67 2696.67 2686.67 2620 2600 2616.67 2616.67 2610 2606.67 2603.33 2613.33 2533.33 2536.67 2563.33 2606.67 2576.67 2576.67 2580 2576.67 2560 2553.33 2543.33 2533.33 2516.67 2506.67 2516.67 2513.33 2503.33 2520 2520 2520 2523.33 2523.33 2526.67 2526.67 2493.33 2503.33 2506.67 2510 2520 2523.33 2553.33 2530 2556.67 2533.33 2533.33 2510 2510 2543.33 2543.33 2546.67 2543.33 2513.33 2513.33 2513.33 2513.33 2513.33 2513.33 2513.33 2520 2530 2540 2543.33 2553.33
2670 2676.67 2686.67 2696.67 2696.67 2700 2703.33 2696.67 2636.67 2683.33 2646.67 2630 2623.33 2616.67 2616.67 2616.67 2623.33 2666.67 2603.33 2573.33 2576.67 2580 2580 2580 2580 2566.67 2560 2550 2540 2526.67 2510 2500 2503.33 2496.67 2493.33 2513.33 2510 2510 2513.33 2513.33 2520 2526.67 2493.33 2493.33 2503.33 2506.67 2510 2520 2520 2530 2530 2533.33 2533.33 2506.67 2506.67 2550 2550 2540 2540 2513.33 2513.33 2513.33 2513.33 2513.33 2513.33 2513.33 2523.33 2533.33 2540 2513.33 2520
2670 2680 2686.67 2696.67 2696.67 2696.67 2700 2696.67 2696.67 2683.33 2646.67 2630 2623.33 2616.67 2616.67 2620 2630 2636.67 2626.67 2603.33 2593.33 2586.67 2583.33 2580 2580 2563.33 2560 2543.33 2533.33 2513.33 2503.33 2456.67 2443.33 2456.67 2480 2500 2493.33 2496.67 2500 2503.33 2510 2513.33 2483.33 2483.33 2493.33 2503.33 2506.67 2513.33 2520 2523.33 2523.33 2530 2530 2503.33 2503.33 2543.33 2543.33 2543.33 2543.33 2513.33 2513.33 2513.33 2483.33 2513.33 2513.33 2526.67 2536.67 2540 2510 2490 2460
2670 2646.67 2686.67 2656.67 2666.67 2696.67 2696.67 2696.67 2693.33 2680 2673.33 2630 2653.33 2616.67 2616.67 2620 2623.33 2623.33 2620 2606.67 2600 2593.33 2556.67 2580 2580 2560 2520 2513.33 2496.67 2476.67 2463.33 2446.67 2433.33 2446.67 2440 2466.67 2486.67 2486.67 2486.67 2493.33 2503.33 2506.67 2480 2483.33 2486.67 2503.33 2506.67 2513.33 2513.33 2520 2523.33 2523.33 2523.33 2503.33 2503.33 2530 2546.67 2543.33 2543.33 2516.67 2513.33 2483.33 2426.67 2520 2516.67 2530 2536.67 2540 2513.33 2460 2463.33
2666.67 2646.67 2650 2656.67 2660 2666.67 2666.67 2663.33 2656.67 2653.33 2640 2626.67 2623.33 2616.67 2616.67 2616.67 2616.67 2616.67 2616.67 2606.67 2600 2596.67 2556.67 2580 2543.33 2523.33 2516.67 2500 2490 2470 2450 2436.67 2446.67 2430 2390 2416.67 2416.67 2420 2423.33 2430 2436.67 2446.67 2446.67 2446.67 2456.67 2463.33 2470 2480 2483.33 2486.67 2486.67 2490 2496.67 2470 2496.67 2500 2520 2513.33 2513.33 2456.67 2486.67 2456.67 2430 2486.67 2486.67 2490 2506.67 2480 2453.33 2456.67 2490
2666.67 2646.67 2650 2650 2656.67 2656.67 2656.67 2653.33 2653.33 2646.67 2636.67 2626.67 2623.33 2613.33 2613.33 2613.33 2616.67 2613.33 2610 2603.33 2600 2593.33 2556.67 2550 2540 2523.33 2513.33 2500 2476.67 2430 2440 2420 2433.33 2423.33 2416.67 2410 2410 2413.33 2413.33 2420 2426.67 2436.67 2440 2443.33 2450 2460 2463.33 2470 2480 2486.67 2486.67 2456.67 2496.67 2463.33 2500 2513.33 2513.33 2486.67 2513.33 2456.67 2456.67 2456.67 2373.33 2430 2460 2493.33 2463.33 2446.67 2453.33 2453.33 2490
2636.67 2640 2646.67 2650 2650 2653.33 2653.33 2650 2646.67 2646.67 2636.67 2623.33 2620 2613.33 2613.33 2613.33 2610 2610 2603.33 2603.33 2600 2560 2553.33 2550 2536.67 2523.33 2510 2490 2470 2426.67 2403.33 2413.33 2396.67 2386.67 2373.33 2400 2396.67 2403.33 2406.67 2383.33 2396.67 2420 2433.33 2436.67 2446.67 2453.33 2463.33 2473.33 2480 2483.33 2486.67 2456.67 2460 2466.67 2496.67 2486.67 2486.67 2486.67 2450 2450 2473.33 2383.33 2383.33 2473.33 2490 2496.67 2486.67 2400 2463.33 2490 2486.67
2633.33 2636.67 2640 2646.67 2646.67 2646.67 2646.67 2646.67 2640 2636.67 2636.67 2623.33 2620 2616.67 2610 2610 2606.67 2606.67 2600 2566.67 2560 2556.67 2550 2543.33 2530 2516.67 2500 2483.33 2463.33 2440 2423.33 2436.67 2390 2376.67 2366.67 2393.33 2393.33 2396.67 2370 2376.67 2386.67 2420 2430 2440 2450 2460 2473.33 2480 2483.33 2490 2483.33 2456.67 2460 2496.67 2486.67 2483.33 2456.67 2450 2456.67 2456.67 2456.67 2350 2350 2446.67 2506.67 2480 2413.33 2326.67 2470 2516.67 2520
2630 2633.33 2636.67 2636.67 2643.33 2646.67 2643.33 2640 2640 2636.67 2630 2620 2616.67 2613.33 2610 2610 2573.33 2510 2566.67 2563.33 2560 2556.67 2550 2540 2526.67 2513.33 2503.33 2480 2460 2436.67 2416.67 2396.67 2353.33 2370 2363.33 2393.33 2390 2393.33 2343.33 2373.33 2380 2416.67 2426.67 2440 2416.67 2460 2436.67 2416.67 2486.67 2486.67 2500 2473.33 2476.67 2510 2483.33 2480 2483.33 2456.67 2426.67 2456.67 2400 2346.67 2400 2446.67 2506.67 2460 2356.67 2326.67 2436.67 2493.33 2516.67
2623.33 2630 2636.67 2636.67 2636.67 2636.67 2636.67 2636.67 2636.67 2633.33 2630 2616.67 2616.67 2613.33 2610 2610 2570 2506.67 2540 2560 2560 2550 2546.67 2536.67 2523.33 2510 2496.67 2476.67 2456.67 2436.67 2416.67 2426.67 2383.33 2370 2366.67 2330 2330 2303.33 2370 2373.33 2383.33 2390 2393.33 2410 2416.67 2400 2413.33 2390 2486.67 2493.33 2500 2473.33 2503.33 2506.67 2516.67 2490 2486.67 2483.33 2456.67 2456.67 2430 2386.67 2416.67 2470 2476.67 2360 2286.67 2410 2466.67 2526.67 2526.67
2616.67 2623.33 2596.67 2600 2603.33 2603.33 2603.33 2603.33 2603.33 2603.33 2600 2586.67 2616.67 2610 2573.33 2570 2566.67 2506.67 2533.33 2500 2520 2516.67 2510 2530 2520 2503.33 2486.67 2473.33 2453.33 2436.67 2416.67 2373.33 2356.67 2343.33 2340 2363.33 2336.67 2276.67 2310 2316.67 2326.67 2363.33 2340 2350 2390 2370 2413.33 2390 2453.33 2490 2466.67 2470 2480 2476.67 2483.33 2483.33 2456.67 2456.67 2426.67 2436.67 2436.67 2440 2440 2470 2386.67 2386.67 2366.67 2456.67 2480 2500 2500
2616.67 2623.33 2596.67 2596.67 2596.67 2600 2596.67 2596.67 2596.67 2626.67 2623.33 2610 2580 2573.33 2573.33 2543.33 2506.67 2503.33 2500 2496.67 2490 2490 2480 2526.67 2513.33 2500 2486.67 2473.33 2426.67 2410 2420 2346.67 2333.33 2323.33 2313.33 2370 2340 2286.67 2290 2290 2303.33 2306.67 2286.67 2326.67 2363.33 2343.33 2380 2390 2456.67 2506.67 2470 2446.67 2473.33 2476.67 2456.67 2453.33 2460 2456.67 2403.33 2406.67 2406.67 2436.67 2496.67 2440 2356.67 2446.67 2480 2513.33 2486.67 2430 2400
2616.67 2616.67 2593.33 2596.67 2596.67 2596.67 2596.67 2596.67 2596.67 2626.67 2593.33 2580 2580 2546.67 2543.33 2506.67 2506.67 2503.33 2470 2463.33 2490 2513.33 2503.33 2523.33 2513.33 2503.33 2486.67 2446.67 2396.67 2413.33 2426.67 2386.67 2340 2330 2320 2346.67 2346.67 2316.67 2263.33 2296.67 2246.67 2253.33 2266.67 2273.33 2343.33 2346.67 2366.67 2406.67 2443.33 2506.67 2480 2416.67 2446.67 2453.33 2416.67 2456.67 2456.67 2420 2426.67 2386.67 2416.67 2446.67 2450 2420 2470 2503.33 2513.33 2483.33 2430 2320 2430
2613.33 2613.33 2590 2590 2596.67 2593.33 2596.67 2596.67 2596.67 2620 2590 2576.67 2546.67 2510 2506.67 2506.67 2503.33 2503.33 2466.67 2490 2486.67 2510 2530 2490 2513.33 2473.33 2460 2416.67 2400 2386.67 2436.67 2390 2346.67 2336.67 2333.33 2330 2330 2303.33 2276.67 2276.67 2250 2206.67 2216.67 2223.33 2233.33 2353.33 2363.33 2380 2416.67 2473.33 2480 2426.67 2416.67 2440 2456.67 2426.67 2396.67 2413.33 2410 2356.67 2326.67 2390 2390 2360 2480 2483.33 2453.33 2456.67 2436.67 2326.67 2433.33
