assets/server-info/layers/temp_avg.asc
NCOLS 494
NROWS 531
XLLCORNER -117
YLLCORNER -55.8333
CELLSIZE 0.166667
NODATA_VALUE -99999
[rows 310 to 340 of 531, columns 414 to 482 of 494]
2065.4 2117.15 2086.25 2077.1 2030.47 1985.34 1983.78 1982.88 1963.7 1977.89 1877.07 1946.22 1983.7 2076.96 2161.18 2165.34 2171.92 2170.27 2149.42 2171.95 2132.74 2067.73 2146.85 2141.04 2009.34 1935.92 1797.56 1966.77 1988.55 2069.34 2043.45 2135.89 2059.23 2120.08 2240.11 2239.23 2183.45 2263.51 2314.36 2211.89 2177.7 2046 2025.12 2064.38 2183.56 2289.42 2281.97 2326.96 2353.56 2376.08 -99999 -99999 -99999 -99999 -99999 -99999 -99999 -99999 -99999 -99999 -99999 -99999 -99999 -99999 -99999 -99999 -99999 -99999 -99999
2043.84 2091.32 2054.58 2026.27 2018.79 1973.78 1976.25 1977.95 1979.53 1978.74 1962.03 1895.4 1983.67 2041.15 2162.03 2165.32 2171.12 2168.6 2146.93 2127.75 2121.95 2057.7 2053.59 2101.84 2026.03 1991.81 1805.12 1806 2076.74 2065.15 2094.3 2146.82 2135.89 2195.95 2243.42 2187.56 2117.59 2237.62 2048.44 2058.49 2280.08 2153.53 1914.36 2215.15 2127.67 2257.73 2295.21 2324.47 2353.53 2376.96 -99999 -99999 -99999 -99999 -99999 -99999 -99999 -99999 -99999 -99999 -99999 -99999 -99999 -99999 -99999 -99999 -99999 -99999 -99999
2002.11 2025.48 1992.08 1967.97 1901.23 1960.44 1991.23 1985.4 1968.77 1952.11 1879.51 1932.05 1984.55 2060.3 2125.32 2158.66 2170.3 2169.45 2165.32 2069.53 2081.95 2047.78 1986.93 2044.44 2038.49 1973.48 1830.11 1820.05 1973.37 2070.82 1964.22 2045.89 2137.56 2245.95 2115.95 2111.84 2113.45 2100.96 2077.59 2058.49 2192.6 2230.11 2138.44 2236.85 2231.07 2256.05 2295.1 2324.38 2376.9 2361.84 -99999 -99999 -99999 -99999 -99999 -99999 -99999 -99999 -99999 -99999 -99999 -99999 -99999 -99999 -99999 -99999 -99999 -99999 -99999
2037.23 1993.01 1924.68 1966.3 1904.52 1942.03 1995.48 1939.59 1953.7 1952.96 1917.1 1937.1 1996.16 2052.88 2131.18 2164.47 2167.81 2169.56 2167.89 2053.7 2047.86 2056.88 1958.49 1983.56 2057.67 2049.26 1765.92 1945.01 1986.66 1988.33 2182.52 2226.74 2285.12 2239.21 2109.34 1999.29 2153.4 2090.08 2075.07 2218.44 2160.9 2117.62 2215.95 2238.44 2234.36 2262.66 2289.34 2320.22 2361.86 2362.68 -99999 -99999 -99999 -99999 -99999 -99999 -99999 -99999 -99999 -99999 -99999 -99999 -99999 -99999 -99999 -99999 -99999 -99999 -99999
2098 2087.23 2041.32 1973.04 1962.93 1946.25 1952.88 1920.47 1921.29 1920.47 1919.64 1973.75 1982.05 2054.58 2111.97 2171.12 2103.64 2125.34 2128.71 2074.52 2034.55 1995.32 1977.73 1987.73 2077.67 2015.97 1864.33 1989.15 1995.01 2000.82 1975.01 2166.77 2293.4 2235.92 2105.18 1920.19 1895.1 1979.23 2164.19 2198.47 2178.41 2112.52 2101.75 2095.18 2121.81 2229.32 2319.37 2346.85 -99999 -99999 -99999 -99999 -99999 -99999 -99999 -99999 -99999 -99999 -99999 -99999 -99999 -99999 -99999 -99999 -99999 -99999 -99999 -99999 -99999
2222.27 2193.86 2106.44 2079.75 1977.21 1989.62 1954.55 1925.48 1937.07 1988.79 1907.92 2033.7 2052.88 2071.23 2113.64 2081.12 2047.01 2066.99 2069.48 2052.03 1980.27 1981.12 2005.21 1996.08 2000.16 1984.3 1867.7 1949.26 1950.85 2000.03 1951.64 2076.63 2275.84 2115.1 1993.4 1724.22 1885.86 2068.36 2045.86 2132.58 1884.25 2102.49 1866.71 1865.15 1970.14 2228.44 2318.52 -99999 -99999 -99999 -99999 -99999 -99999 -99999 -99999 -99999 -99999 -99999 -99999 -99999 -99999 -99999 -99999 -99999 -99999 -99999 -99999 -99999 -99999
2253.1 2166.44 2206.47 2199.81 2107.23 1904.66 1896.33 1891.32 1923.01 1973.01 1994.63 2048.71 2015.37 2068.68 2048.55 2040.36 1953.62 1992 2066.11 2047.78 1977.78 1932.79 1987.75 1986.03 1905.97 1882.68 1846.85 1915.95 1965.01 1961.67 2035.84 2132.49 2244.99 2100.85 1884.19 1695.89 1858.36 1941.67 1925.78 1886.71 1777.53 1971.7 1676.74 1674.27 2139.32 2282.68 2313.51 -99999 -99999 -99999 -99999 -99999 -99999 -99999 -99999 -99999 -99999 -99999 -99999 -99999 -99999 -99999 -99999 -99999 -99999 -99999 -99999 -99999 -99999
2218.22 2223.18 2090.71 2036.55 2169.84 2097.23 2064.71 1984.71 1927.12 1922.11 2007.89 2058.77 2046.96 2019.42 2021.1 1992.77 1890.3 1948.68 2055.32 2058.6 1921.1 1897.75 1966 1986 1789.34 1846.03 1659.29 1899.23 1968.38 2047.48 2123.26 2114.9 2109.97 1959.04 1845.67 1755.81 1832.44 1821.62 1721.56 1685.01 1590.88 1757.45 1669.26 1747.64 1856.85 2228.52 2349.37 -99999 -99999 -99999 -99999 -99999 -99999 -99999 -99999 -99999 -99999 -99999 -99999 -99999 -99999 -99999 -99999 -99999 -99999 -99999 -99999 -99999 -99999
2242.36 2134.11 2070.03 2054.14 2097.4 2077.34 2110.49 2097.12 1997.07 2007.07 2020.38 1989.34 1969.37 1976.9 1946.85 1914.44 1851.95 1940.22 1996.99 1944.44 2015.23 1907.67 1899.32 1898.52 1765.95 1743.42 1723.4 1787.56 2055.01 1954.9 2008.16 1985.56 1930.58 1783.92 1738.16 1689.07 1728.19 1470.74 1706.55 1897.45 1847.51 1559.21 1562.49 1742.6 2081.84 2345.18 -99999 -99999 -99999 -99999 -99999 -99999 -99999 -99999 -99999 -99999 -99999 -99999 -99999 -99999 -99999 -99999 -99999 -99999 -99999 -99999 -99999 -99999 -99999
2204.05 2172.44 2092.49 2061.62 2068.36 2029.04 2113.89 2096.3 2084.6 2021.12 2010.33 1970.99 1912.68 1968.55 1932.66 1926.14 1862.74 1851.92 1949.48 1898.63 1940.25 1899.4 1833.51 1845.89 1852.6 1817.62 1709.26 1862.52 1926.6 1912.3 1877.15 1862.99 1829.73 1563.12 1745.62 1644.82 1715.7 1624.03 1857.34 1952.33 1936.58 1827.42 1730.77 2061.64 2070.96 2076.79 -99999 -99999 -99999 -99999 -99999 -99999 -99999 -99999 -99999 -99999 -99999 -99999 -99999 -99999 -99999 -99999 -99999 -99999 -99999 -99999 -99999 -99999 -99999
2184.88 2093.23 2136.6 2101.62 2074.05 2016.41 2082.16 2067.04 2036.99 2016.88 1971.1 1963.42 2020.14 1963.48 1961.89 1912.71 1851.04 1878.58 1910.22 1913.62 1849.42 1785.97 1784.3 1811.7 1795.89 1793.45 1901.7 1887.48 1894.03 1878.85 1808.77 1818 1754.71 1730.55 1816.47 1802.33 1789.84 1784.79 1967.37 2110.71 2196.55 2112.25 1933.23 2187.51 2218.41 -99999 -99999 -99999 -99999 -99999 -99999 -99999 -99999 -99999 -99999 -99999 -99999 -99999 -99999 -99999 -99999 -99999 -99999 -99999 -99999 -99999 -99999 -99999 -99999
2228.96 2154.88 2027.34 2078.93 2049.73 1991.26 1974.55 1869.45 1891.92 1906.05 1935.21 1965.92 1905.89 1819.26 1954.33 1905.15 1910.19 1918.58 1840.3 1842.79 1841.1 1831.75 1828.41 1815.01 1790.05 1781.78 1886.77 1858.22 1887.37 1857.23 1833.01 1928.82 1657.26 1820.63 1809.81 1998.99 1995.64 1883.97 1754.05 1826.63 2107.29 2195.64 2215.75 -99999 -99999 -99999 -99999 -99999 -99999 -99999 -99999 -99999 -99999 -99999 -99999 -99999 -99999 -99999 -99999 -99999 -99999 -99999 -99999 -99999 -99999 -99999 -99999 -99999 -99999
2237.26 2194.68 2182.19 2080.49 2049.62 1964.49 1865.26 1824.41 1866 1850.22 1872.6 1952.55 1941.78 1932.58 1914.22 1948.47 1934.25 1894.33 1911.07 1926.93 1920.19 1920.19 1909.89 1813.32 1782.68 1717.62 1845.12 1863.29 1884.03 1968.14 2123.89 2052.22 1927.29 2153.12 2138.96 2123.12 2168.19 2114.85 2084.08 2052.47 2173.4 2225.92 2247.67 -99999 -99999 -99999 -99999 -99999 -99999 -99999 -99999 -99999 -99999 -99999 -99999 -99999 -99999 -99999 -99999 -99999 -99999 -99999 -99999 -99999 -99999 -99999 -99999 -99999 -99999
2155.42 2154.6 2154.58 2153.73 2010.3 1896.93 1993.59 1917.73 1866 1930.14 1959.32 1954.22 1941.78 1932.6 1889.29 1889.29 1890.16 1883.51 1886.03 1908.49 1860.19 1825.04 1856.55 1804.14 1773.51 1749.4 1844.3 1914.16 2010.71 2081.45 2191.45 2182.27 2158.96 2110.63 2124 2112.36 2252.41 2245.64 1954.9 2184.99 2216.82 2227.81 -99999 -99999 -99999 -99999 -99999 -99999 -99999 -99999 -99999 -99999 -99999 -99999 -99999 -99999 -99999 -99999 -99999 -99999 -99999 -99999 -99999 -99999 -99999 -99999 -99999 -99999 -99999
2139.59 2080.33 2098.66 2138.63 2130.22 2123.51 2021.86 1967.64 1848.44 1846.85 1926.03 1951.73 1925.92 1930.05 1901.75 1800.08 1841.75 1891.75 1840.99 1843.45 1850.14 1845.86 1807.48 1789.26 1733.45 1727.56 1783.37 1917.48 2016.52 2086.44 2081.34 2197.29 2299.73 2244.03 2151.56 2090.71 2088.99 2222.27 2068.19 2232.55 2239.32 2256.11 -99999 -99999 -99999 -99999 -99999 -99999 -99999 -99999 -99999 -99999 -99999 -99999 -99999 -99999 -99999 -99999 -99999 -99999 -99999 -99999 -99999 -99999 -99999 -99999 -99999 -99999 -99999
2145.32 2124.47 2026.9 2006.93 2025.18 2117.67 2018.52 1949.34 1932.66 1875.21 1871.78 1866.85 1912.58 1939.29 1892.6 1895.12 1862.47 1843.37 1804.25 1809.26 1742.55 1820.11 1796.71 1762.47 1759.12 1835.73 1829.12 1906.55 1992.25 2039.73 2078.9 2078.9 2209.75 2136.55 2134.05 2238.16 2217.34 2217.21 2203.95 2284.99 2268.44 2249.51 -99999 -99999 -99999 -99999 -99999 -99999 -99999 -99999 -99999 -99999 -99999 -99999 -99999 -99999 -99999 -99999 -99999 -99999 -99999 -99999 -99999 -99999 -99999 -99999 -99999 -99999 -99999
2112.77 2133.64 2111.92 1995.95 2001.84 2044.22 2002.66 1833.45 1792.52 1835.07 1832.66 1862.66 1911.78 1915.86 1865.92 1858.36 1868.27 1891.67 1785.84 1783.32 1777.4 1717.4 1764.19 1718.27 1728.25 1834.05 1847.26 1896.27 1892.03 2018.88 2013.1 2061.45 2174.82 2207.29 2172.47 2224.08 1970.68 1855.59 2204.03 2282.47 2281.64 2266 -99999 -99999 -99999 -99999 -99999 -99999 -99999 -99999 -99999 -99999 -99999 -99999 -99999 -99999 -99999 -99999 -99999 -99999 -99999 -99999 -99999 -99999 -99999 -99999 -99999 -99999 -99999
1953.51 1956 2017.59 2082.63 2093.51 2058.47 1999.26 1911.78 1710.96 1794.3 1829.29 1834.3 1857.64 1897.59 1865.89 1834.36 1871.04 1810.88 1800.9 1738.3 1706.66 1684.88 1644.03 1605.7 1782.25 1737.26 1830.58 1982.16 1974.66 2050.55 2052.99 2178.96 2202.41 1994.05 2119.04 2157.53 1736.68 2234.93 2287.42 2293.23 2278.33 2271.62 -99999 -99999 -99999 -99999 -99999 -99999 -99999 -99999 -99999 -99999 -99999 -99999 -99999 -99999 -99999 -99999 -99999 -99999 -99999 -99999 -99999 -99999 -99999 -99999 -99999 -99999 -99999
1935.97 1872.68 1890.14 2026 2054.3 2063.45 1950.96 1991.81 1852.66 1770.16 1741.84 1746.88 1864.33 1911.75 1838.41 1797.51 1774.08 1725.48 1734.9 1564.9 1540.85 1630 1587.4 1753.95 1949.78 2068.08 2055.62 2028.9 2066.38 2080.6 1940.58 1820.6 1793.07 1665.59 1873.15 2011.7 2207.56 2306.71 2275.01 -99999 -99999 -99999 -99999 -99999 -99999 -99999 -99999 -99999 -99999 -99999 -99999 -99999 -99999 -99999 -99999 -99999 -99999 -99999 -99999 -99999 -99999 -99999 -99999 -99999 -99999 -99999 -99999 -99999 -99999
1894.33 1896.85 1933.45 2010.96 2036 2045.12 2016.9 1944.41 1812.68 1767.7 1818.6 1790.19 1846.79 1888.38 1817.45 1762.47 1664.93 1737.29 1718.22 1300.77 1354.99 1683.32 1841.51 1835.62 1843.18 1967.34 1980.6 1952.33 1869.78 1889.78 1748.88 1718.03 1645.59 1638.11 1517.34 1556.66 2243.42 2213.53 2244.25 -99999 -99999 -99999 -99999 -99999 -99999 -99999 -99999 -99999 -99999 -99999 -99999 -99999 -99999 -99999 -99999 -99999 -99999 -99999 -99999 -99999 -99999 -99999 -99999 -99999 -99999 -99999 -99999 -99999 -99999
1838.52 1889.32 2024.38 2000.93 2017.73 1999.32 1995.12 1938.52 1888.49 1813.51 1653.59 1732.71 1845.95 1827.64 1792.52 1754.99 1661.56 1474.99 1479.18 1466.66 1628.3 2141.62 1994.85 1905.53 1908.9 2042.36 1927.29 1724.85 1589.01 1537.26 1648.03 1632.22 1634.77 1597.26 1812.36 2163.37 2241.07 -99999 -99999 -99999 -99999 -99999 -99999 -99999 -99999 -99999 -99999 -99999 -99999 -99999 -99999 -99999 -99999 -99999 -99999 -99999 -99999 -99999 -99999 -99999 -99999 -99999 -99999 -99999 -99999 -99999 -99999 -99999 -99999
2045.23 2046.9 2024.36 1990.22 1986.82 1976.68 1944.33 1842.63 1893.51 1705.97 1550.14 1793.48 1717.7 1773.42 1681.67 1584.99 1470.77 1881.59 1979.21 1961.67 2021.67 2053.4 1994.93 1953.92 1950.55 2010.6 2224.03 1884.03 2004.03 2081.45 2240.52 2112.27 1894.77 2061.53 2232.47 2215.92 -99999 -99999 -99999 -99999 -99999 -99999 -99999 -99999 -99999 -99999 -99999 -99999 -99999 -99999 -99999 -99999 -99999 -99999 -99999 -99999 -99999 -99999 -99999 -99999 -99999 -99999 -99999 -99999 -99999 -99999 -99999 -99999 -99999
2079.32 2090.16 2025.12 1998.47 1958.47 1937.56 1869.18 1811.73 1795.07 1733.42 1690.05 1580.96 1494.22 1770.03 1519.23 1466.6 1974.93 2013.29 1874.19 1615.04 1509.18 1489.12 1602.36 1815.53 1728.11 2241.42 2263.23 2259.89 2241.53 -99999 2226.52 2180.6 2216.49 2218.3 2186 2261.97 2283.62 -99999 -99999 -99999 -99999 -99999 -99999 -99999 -99999 -99999 -99999 -99999 -99999 -99999 -99999 -99999 -99999 -99999 -99999 -99999 -99999 -99999 -99999 -99999 -99999 -99999 -99999 -99999 -99999 -99999 -99999 -99999 -99999
2114.36 2075.95 2009.32 1980.96 1945.92 1910.9 1805.89 1797.51 1808.33 1757.42 1674.96 1510.77 1673.26 1739.97 1989.92 2015.78 1973.29 1872.52 1740.85 1556.66 1588.36 1691.48 1584.88 1801.42 -99999 2271.48 2214.79 2249.86 2165.84 2225.67 2234.88 2224.05 2270.77 2271.7 2286.03 2280.36 -99999 -99999 -99999 -99999 -99999 -99999 -99999 -99999 -99999 -99999 -99999 -99999 -99999 -99999 -99999 -99999 -99999 -99999 -99999 -99999 -99999 -99999 -99999 -99999 -99999 -99999 -99999 -99999 -99999 -99999 -99999 -99999 -99999
2017.56 2014.27 2005.15 1985.89 1950.08 1901.75 1824.16 1790.77 1753.23 1734.85 1733.97 1820.71 1819.1 1852.44 1979.97 1830.88 1740.77 1733.29 1668.3 1781.62 -99999 -99999 -99999 -99999 2021.59 -99999 -99999 -99999 -99999 -99999 -99999 -99999 -99999 -99999 -99999 -99999 -99999 -99999 -99999 -99999 -99999 -99999 -99999 -99999 -99999 -99999 -99999 -99999 -99999 -99999 -99999 -99999 -99999 -99999 -99999 -99999 -99999 -99999 -99999 -99999 -99999 -99999 -99999 -99999 -99999 -99999 -99999 -99999 -99999
1989.21 1999.21 1991.73 1960.79 1929.18 1789.86 1765.78 1763.12 1729.78 1674.82 1808.99 1877.29 1896.55 1813.21 1752.36 1738.27 1730.79 1719.12 1704.14 1839.95 1914.11 -99999 -99999 -99999 -99999 -99999 -99999 -99999 -99999 -99999 -99999 -99999 -99999 -99999 -99999 -99999 -99999 -99999 -99999 -99999 -99999 -99999 -99999 -99999 -99999 -99999 -99999 -99999 -99999 -99999 -99999 -99999 -99999 -99999 -99999 -99999 -99999 -99999 -99999 -99999 -99999 -99999 -99999 -99999 -99999 -99999 -99999 -99999 -99999
1980.79 1951.62 1954.96 1946.6 1821.59 1778.14 1758.14 1800.71 1777.32 1778.08 1798.11 1786.47 1783.1 1790.63 1758.16 1717.42 1697.4 1804.99 -99999 -99999 -99999 -99999 -99999 -99999 -99999 -99999 -99999 -99999 -99999 -99999 -99999 -99999 -99999 -99999 -99999 -99999 -99999 -99999 -99999 -99999 -99999 -99999 -99999 -99999 -99999 -99999 -99999 -99999 -99999 -99999 -99999 -99999 -99999 -99999 -99999 -99999 -99999 -99999 -99999 -99999 -99999 -99999 -99999 -99999 -99999 -99999 -99999 -99999 -99999
1880.82 1881.56 1904.99 1836.55 1775.73 1715.7 1748.16 1778.99 1752.33 1759.78 1768.93 1718.9 1740.58 1693.12 1744.79 1843.21 -99999 -99999 -99999 -99999 -99999 -99999 -99999 -99999 -99999 -99999 -99999 -99999 -99999 -99999 -99999 -99999 -99999 -99999 -99999 -99999 -99999 -99999 -99999 -99999 -99999 -99999 -99999 -99999 -99999 -99999 -99999 -99999 -99999 -99999 -99999 -99999 -99999 -99999 -99999 -99999 -99999 -99999 -99999 -99999 -99999 -99999 -99999 -99999 -99999 -99999 -99999 -99999 -99999
1794.05 1874.03 1781.56 1656.41 1669.84 1663.1 1689.75 1782.27 1787.23 1718 1698.82 1713.84 -99999 -99999 1646.47 1835.64 1835.7 -99999 -99999 -99999 -99999 -99999 -99999 -99999 -99999 -99999 -99999 -99999 -99999 -99999 -99999 -99999 -99999 -99999 -99999 -99999 -99999 -99999 -99999 -99999 -99999 -99999 -99999 -99999 -99999 -99999 -99999 -99999 -99999 -99999 -99999 -99999 -99999 -99999 -99999 -99999 -99999 -99999 -99999 -99999 -99999 -99999 -99999 -99999 -99999 -99999 -99999 -99999 -99999
1753.89 1740.66 1614.68 1667.21 1734.74 1708.11 1715.56 1744.74 1727.15 2168.74 2108.71 -99999 -99999 -99999 -99999 1829.81 2342.33 -99999 -99999 -99999 -99999 -99999 -99999 -99999 -99999 -99999 -99999 -99999 -99999 -99999 -99999 -99999 -99999 -99999 -99999 -99999 -99999 -99999 -99999 -99999 -99999 -99999 -99999 -99999 -99999 -99999 -99999 -99999 -99999 -99999 -99999 -99999 -99999 -99999 -99999 -99999 -99999 -99999 -99999 -99999 -99999 -99999 -99999 -99999 -99999 -99999 -99999 -99999 -99999
1695.37 2089.64 1993.89 2008.85 2163.04 2043.1 2188.11 2239.67 -99999 -99999 -99999 -99999 -99999 -99999 -99999 -99999 -99999 -99999 -99999 -99999 -99999 -99999 -99999 -99999 -99999 -99999 -99999 -99999 -99999 -99999 -99999 -99999 -99999 -99999 -99999 -99999 -99999 -99999 -99999 -99999 -99999 -99999 -99999 -99999 -99999 -99999 -99999 -99999 -99999 -99999 -99999 -99999 -99999 -99999 -99999 -99999 -99999 -99999 -99999 -99999 -99999 -99999 -99999 -99999 -99999 -99999 -99999 -99999 -99999
