assets/server-info/layers/temp_dryest.asc
NCOLS 494
NROWS 531
XLLCORNER -117
YLLCORNER -55.8333
CELLSIZE 0.166667
NODATA_VALUE -99999
[rows 192 to 223 of 531, columns 213 to 283 of 494]
-99999 -99999 -99999 -99999 -99999 -99999 -99999 -99999 -99999 2346.67 2226.67 2106.67 2403.33 2283.33 2296.67 2383.33 2123.33 2033.33 1580 1326.67 1506.67 933.33 1040 1213.33 1543.33 1723.33 1980 2353.33 2400 2473.33 2473.33 2456.67 2493.33 2510 2516.67 2516.67 2523.33 2553.33 2563.33 2540 2540 2570 2570 2603.33 2590 2550 2590 2653.33 2693.33 2673.33 2673.33 2706.67 2693.33 2650 2676.67 2696.67 2723.33 2633.33 2673.33 2616.67 2620 2610 2586.67 2510 2503.33 2486.67 2510 2496.67 2513.33 2506.67 2500
-99999 -99999 -99999 -99999 -99999 -99999 -99999 -99999 -99999 2403.33 2100 2120 2436.67 2293.33 2243.33 2120 1990 1416.67 1180 1306.67 1640 956.67 1166.67 1570 2056.67 1993.33 2360 2390 2470 2476.67 2476.67 2516.67 2530 2516.67 2520 2520 2520 2553.33 2560 2530 2536.67 2566.67 2566.67 2570 2606.67 2543.33 2580 2630 2660 2676.67 2663.33 2720 2726.67 2683.33 2683.33 2710 2670 2576.67 2590 2603.33 2606.67 2586.67 2520 2510 2496.67 2486.67 2506.67 2500 2513.33 2506.67 2500
-99999 -99999 -99999 -99999 -99999 -99999 -99999 -99999 -99999 2363.33 2260 2393.33 2426.67 2416.67 2310 2090 2096.67 1580 1193.33 1293.33 956.67 813.33 1620 1993.33 2363.33 2413.33 2370 2506.67 2496.67 2513.33 2513.33 2526.67 2540 2543.33 2543.33 2546.67 2516.67 2553.33 2556.67 2530 2530 2556.67 2566.67 2566.67 2553.33 2560 2603.33 2613.33 2650 2660 2666.67 2730 2736.67 2693.33 2693.33 2713.33 2653.33 2560 2550 2586.67 2596.67 2580 2560 2536.67 2523.33 2510 2503.33 2490 2513.33 2506.67 2500
-99999 -99999 -99999 -99999 -99999 -99999 -99999 -99999 2350 2273.33 2346.67 2466.67 2413.33 2400 2220 1933.33 1950 1446.67 1496.67 1190 936.67 616.67 1803.33 2103.33 2373.33 2390 2406.67 2483.33 2526.67 2520 2523.33 2530 2570 2573.33 2573.33 2573.33 2520 2580 2553.33 2526.67 2526.67 2560 2546.67 2546.67 2546.67 2520 2586.67 2596.67 2643.33 2680 2686.67 2720 2690 2693.33 2673.33 2696.67 2636.67 2543.33 2560 2600 2586.67 2576.67 2590 2560 2523.33 2510 2503.33 2493.33 2513.33 2536.67 2490
-99999 -99999 -99999 -99999 -99999 -99999 -99999 -99999 2380 2266.67 2353.33 2486.67 2436.67 2530 2133.33 2076.67 1656.67 1100 1456.67 1203.33 1046.67 1093.33 1720 2023.33 2366.67 2450 2566.67 2530 2546.67 2540 2543.33 2556.67 2570 2573.33 2573.33 2573.33 2606.67 2636.67 2610 2626.67 2626.67 2606.67 2606.67 2630 2573.33 2573.33 2636.67 2643.33 2650 2693.33 2666.67 2673.33 2676.67 2706.67 2716.67 2653.33 2650 2700 2723.33 2706.67 2696.67 2680 2646.67 2560 2546.67 2536.67 2533.33 2520 2496.67 2520 2520
-99999 -99999 -99999 -99999 -99999 -99999 -99999 2413.33 2240 2240 2356.67 2553.33 2543.33 2506.67 2136.67 2056.67 1183.33 696.67 1586.67 886.67 866.67 1330 2003.33 1960 2183.33 2426.67 2550 2513.33 2526.67 2526.67 2533.33 2543.33 2563.33 2570 2570 2583.33 2580 2580 2633.33 2663.33 2663.33 2663.33 2663.33 2663.33 2636.67 2576.67 2576.67 2636.67 2730 2650 2653.33 2660 2696.67 2670 2673.33 2673.33 2663.33 2746.67 2716.67 2700 2690 2680 2646.67 2556.67 2550 2536.67 2533.33 2490 2486.67 2520 2520
-99999 -99999 -99999 -99999 -99999 -99999 2380 2343.33 2243.33 2250 2303.33 2503.33 2420 2203.33 1233.33 1596.67 1316.67 983.33 996.67 780 1053.33 1486.67 1646.67 1940 2300 2543.33 2526.67 2513.33 2526.67 2523.33 2530 2540 2556.67 2566.67 2580 2580 2610 2610 2633.33 2696.67 2693.33 2693.33 2663.33 2663.33 2663.33 2633.33 2633.33 2663.33 2720 2696.67 2700 2703.33 2686.67 2653.33 2636.67 2746.67 2686.67 2730 2700 2693.33 2683.33 2656.67 2643.33 2553.33 2550 2493.33 2493.33 2493.33 2493.33 2516.67 2526.67
-99999 -99999 -99999 -99999 -99999 -99999 2266.67 2373.33 2383.33 2333.33 2363.33 2366.67 2316.67 2140 856.67 1106.67 940 966.67 523.33 680 640 1500 1626.67 1890 2400 2536.67 2506.67 2536.67 2530 2530 2533.33 2546.67 2560 2576.67 2586.67 2590 2590 2673.33 2670 2700 2696.67 2693.33 2693.33 2693.33 2693.33 2663.33 2663.33 2690 2700 2666.67 2696.67 2726.67 2700 2673.33 2676.67 2740 2700 2723.33 2720 2693.33 2663.33 2656.67 2646.67 2553.33 2550 2496.67 2493.33 2493.33 2493.33 2520 2520
-99999 -99999 -99999 -99999 -99999 -99999 2256.67 2500 2430 2360 2396.67 2370 2323.33 1993.33 1243.33 760 716.67 976.67 523.33 843.33 1110 1563.33 2280 2053.33 2416.67 2506.67 2520 2553.33 2536.67 2536.67 2540 2553.33 2563.33 2580 2586.67 2593.33 2593.33 2706.67 2700 2703.33 2700 2696.67 2696.67 2696.67 2696.67 2696.67 2700 2710 2700 2666.67 2583.33 2626.67 2623.33 2650 2606.67 2616.67 2630 2626.67 2620 2616.67 2586.67 2656.67 2566.67 2500 2490 2490 2496.67 2496.67 2493.33 2520 2520
-99999 -99999 -99999 -99999 -99999 2326.67 2376.67 2366.67 2390 2426.67 2473.33 2410 2390 2293.33 1953.33 413.33 703.33 1070 496.67 1116.67 1456.67 1526.67 2360 2243.33 2466.67 2506.67 2526.67 2566.67 2553.33 2546.67 2550 2556.67 2563.33 2580 2586.67 2593.33 2676.67 2706.67 2700 2703.33 2700 2700 2700 2700 2700 2700 2710 2710 2703.33 2583.33 2630 2653.33 2653.33 2650 2616.67 2616.67 2616.67 2630 2626.67 2620 2593.33 2590 2566.67 2493.33 2490 2490 2490 2470 2496.67 2520 2520
-99999 -99999 -99999 -99999 2203.33 2213.33 2243.33 2430 2373.33 2470 2540 2373.33 2236.67 2123.33 1813.33 513.33 730 1146.67 900 1126.67 1816.67 2066.67 2406.67 2476.67 2506.67 2513.33 2533.33 2553.33 2573.33 2556.67 2563.33 2586.67 2600 2610 2640 2646.67 2646.67 2646.67 2673.33 2703.33 2703.33 2700 2700 2700 2706.67 2710 2710 2710 2703.33 2700 2660 2660 2653.33 2663.33 2616.67 2613.33 2616.67 2613.33 2583.33 2576.67 2620 2600 2566.67 2553.33 2553.33 2550 2546.67 2546.67 2530 2496.67 2493.33
-99999 -99999 -99999 -99999 2326.67 2220 2350 2273.33 2360 2333.33 2406.67 2386.67 2380 2170 1796.67 690 1120 1113.33 1013.33 860 1316.67 2060 2340 2480 2503.33 2520 2540 2560 2576.67 2576.67 2563.33 2610 2610 2606.67 2640 2640 2640 2640 2670 2703.33 2703.33 2703.33 2706.67 2706.67 2710 2710 2710 2706.67 2703.33 2663.33 2663.33 2670 2666.67 2663.33 2616.67 2610 2616.67 2613.33 2610 2580 2576.67 2573.33 2523.33 2520 2516.67 2553.33 2550 2546.67 2546.67 2513.33 2496.67
-99999 -99999 -99999 -99999 -99999 2306.67 2280 2113.33 2280 2463.33 2400 2410 2336.67 1903.33 996.67 826.67 960 1076.67 1403.33 1610 2033.33 2043.33 2333.33 2480 2506.67 2540 2566.67 2580 2600 2586.67 2583.33 2613.33 2613.33 2610 2646.67 2643.33 2640 2640 2673.33 2703.33 2703.33 2706.67 2706.67 2706.67 2710 2710 2706.67 2706.67 2676.67 2663.33 2670 2670 2666.67 2663.33 2610 2610 2610 2610 2606.67 2606.67 2576.67 2576.67 2556.67 2523.33 2520 2516.67 2516.67 2550 2546.67 2520 2516.67
-99999 -99999 -99999 -99999 2176.67 2056.67 2256.67 2283.33 2343.33 2386.67 2393.33 2430 2433.33 1750 1300 663.33 1033.33 1113.33 1070 1213.33 2066.67 2150 2343.33 2490 2513.33 2540 2566.67 2596.67 2616.67 2606.67 2600 2630 2616.67 2616.67 2650 2646.67 2640 2643.33 2673.33 2703.33 2706.67 2706.67 2710 2710 2716.67 2713.33 2710 2706.67 2680 2673.33 2673.33 2670 2666.67 2613.33 2610 2610 2610 2610 2610 2610 2606.67 2596.67 2546.67 2526.67 2526.67 2523.33 2520 2520 2513.33 2483.33 2480
-99999 -99999 -99999 -99999 -99999 1943.33 1840 2356.67 2400 2476.67 2413.33 2390 2460 2266.67 1630 696.67 1060 1136.67 343.33 1200 2103.33 2220 2380 2500 2523.33 2526.67 2576.67 2606.67 2633.33 2610 2606.67 2630 2626.67 2616.67 2650 2630 2636.67 2640 2670 2703.33 2706.67 2713.33 2713.33 2713.33 2716.67 2713.33 2713.33 2686.67 2683.33 2673.33 2673.33 2670 2666.67 2610 2610 2610 2610 2610 2606.67 2606.67 2596.67 2570 2550 2546.67 2530 2526.67 2526.67 2526.67 2516.67 2486.67 2483.33
-99999 -99999 -99999 -99999 -99999 2136.67 1950 2310 2426.67 2466.67 2426.67 2390 2410 2600 1776.67 1083.33 1086.67 1110 566.67 1150 1840 2220 2383.33 2513.33 2540 2533.33 2583.33 2610 2633.33 2623.33 2616.67 2636.67 2633.33 2616.67 2650 2650 2630 2636.67 2673.33 2703.33 2713.33 2713.33 2713.33 2713.33 2713.33 2713.33 2690 2686.67 2683.33 2676.67 2673.33 2666.67 2666.67 2610 2610 2610 2610 2606.67 2603.33 2576.67 2576.67 2570 2550 2550 2550 2533.33 2526.67 2523.33 2523.33 2493.33 2490
-99999 -99999 -99999 -99999 -99999 2173.33 2216.67 2166.67 2306.67 2453.33 -99999 2356.67 2420 2446.67 1793.33 966.67 983.33 726.67 733.33 980 1590 2146.67 2410 2480 2503.33 2523.33 2523.33 2596.67 2623.33 2650 2620 2616.67 2663.33 2650 2676.67 2673.33 2673.33 2673.33 2666.67 2673.33 2676.67 2683.33 2690 2693.33 2693.33 2693.33 2680 2660 2656.67 2650 2640 2640 2590 2586.67 2580 2580 2576.67 2600 2576.67 2576.67 2576.67 2570 2550 2550 2546.67 2553.33 2503.33 2503.33 2496.67 2526.67 2523.33
-99999 -99999 -99999 -99999 2063.33 2123.33 2123.33 2333.33 2360 2420 2390 2383.33 2393.33 2300 1493.33 1420 850 700 666.67 910 1966.67 2016.67 2446.67 2540 2510 2533.33 2530 2603.33 2630 2650 2646.67 2626.67 2633.33 2650 2676.67 2673.33 2670 2670 2666.67 2673.33 2680 2683.33 2693.33 2693.33 2693.33 2693.33 2686.67 2660 2656.67 2650 2640 2640 2586.67 2580 2580 2576.67 2546.67 2573.33 2573.33 2576.67 2576.67 2566.67 2553.33 2550 2546.67 2540 2510 2506.67 2503.33 2526.67 2523.33
-99999 -99999 -99999 -99999 -99999 2083.33 2053.33 2300 2366.67 2413.33 2416.67 2383.33 2346.67 2026.67 1320 976.67 943.33 656.67 920 1470 2076.67 2210 2453.33 2543.33 2516.67 2540 2536.67 2616.67 2626.67 2656.67 2640 2626.67 2646.67 2666.67 2676.67 2670 2666.67 2670 2670 2670 2676.67 2680 2693.33 2693.33 2693.33 2693.33 2686.67 2660 2650 2650 2650 2590 2586.67 2580 2546.67 2546.67 2543.33 2570 2570 2570 2573.33 2563.33 2553.33 2550 2546.67 2543.33 2506.67 2510 2506.67 2526.67 2526.67
-99999 -99999 -99999 -99999 -99999 -99999 2166.67 2246.67 -99999 -99999 -99999 2396.67 1873.33 1643.33 973.33 913.33 696.67 1540 1463.33 1960 1973.33 2220 2496.67 2546.67 2516.67 2543.33 2540 2616.67 2643.33 2673.33 2636.67 2633.33 2643.33 2660 2690 2666.67 2666.67 2666.67 2663.33 2670 2640 2683.33 2683.33 2693.33 2693.33 2686.67 2660 2656.67 2650 2650 2646.67 2586.67 2583.33 2553.33 2546.67 2543.33 2540 2566.67 2566.67 2566.67 2560 2560 2553.33 2550 2546.67 2543.33 2506.67 2506.67 2506.67 2533.33 2530
-99999 -99999 -99999 -99999 -99999 -99999 -99999 -99999 2256.67 2313.33 -99999 1706.67 1200 670 946.67 1333.33 940 860 1920 2196.67 1823.33 2433.33 2513.33 2573.33 2546.67 2543.33 2543.33 2623.33 2643.33 2670 2656.67 2646.67 2633.33 2626.67 2683.33 2676.67 2660 2560 2606.67 2623.33 2633.33 2643.33 2650 2683.33 2663.33 2660 2656.67 2650 2646.67 2646.67 2646.67 2556.67 2553.33 2553.33 2546.67 2540 2536.67 2563.33 2563.33 2563.33 2560 2560 2553.33 2550 2546.67 2543.33 2510 2506.67 2503.33 2533.33 2530
-99999 -99999 -99999 -99999 -99999 -99999 -99999 -99999 2370 -99999 2433.33 1983.33 873.33 603.33 1120 1233.33 876.67 850 2060 2300 2053.33 2520 2523.33 2590 2560 2576.67 2546.67 2623.33 2643.33 2663.33 2656.67 2640 2650 2620 2646.67 2560 2560 2553.33 2560 2610 2623.33 2633.33 2640 2646.67 2653.33 2653.33 2650 2646.67 2646.67 2646.67 2643.33 2560 2553.33 2553.33 2543.33 2540 2533.33 2560 2556.67 2560 2560 2560 2560 2550 2550 2543.33 2513.33 2506.67 2503.33 2513.33 2510
-99999 -99999 -99999 -99999 -99999 -99999 -99999 -99999 -99999 -99999 2340 1126.67 1220 1616.67 1220 1156.67 913.33 1506.67 2160 2426.67 2543.33 2560 2626.67 2623.33 2640 2663.33 2663.33 2670 2670 2656.67 2643.33 2663.33 2540 2646.67 2560 2530 2526.67 2523.33 2533.33 2543.33 2596.67 2650 2660 2666.67 2676.67 2670 2670 2666.67 2666.67 2666.67 2590 2590 2583.33 2583.33 2576.67 2563.33 2556.67 2583.33 2583.33 2583.33 2583.33 2590 2593.33 2550 2550 2546.67 2513.33 2510 2506.67 2523.33 2513.33
-99999 -99999 -99999 -99999 -99999 -99999 -99999 -99999 -99999 2280 2150 1296.67 1500 2023.33 1200 1020 1443.33 1763.33 2423.33 2286.67 2273.33 2570 2563.33 2650 2653.33 2673.33 2673.33 2670 2660 2653.33 2640 2653.33 2520 2520 2523.33 2516.67 2506.67 2506.67 2516.67 2523.33 2566.67 2600 2653.33 2663.33 2670 2670 2666.67 2666.67 2613.33 2613.33 2590 2590 2590 2583.33 2576.67 2563.33 2556.67 2580 2583.33 2583.33 2583.33 2590 2593.33 2550 2550 2546.67 2516.67 2510 2510 2530 2520
-99999 -99999 -99999 -99999 -99999 -99999 -99999 2363.33 -99999 2306.67 1576.67 1500 1346.67 1353.33 1310 1170 1673.33 2156.67 2236.67 2293.33 2283.33 2583.33 2570 2663.33 2680 2680 2676.67 2670 2660 2643.33 2636.67 2546.67 2516.67 2506.67 2520 2503.33 2500 2500 2503.33 2513.33 2560 2570 2603.33 2606.67 2670 2666.67 2666.67 2613.33 2613.33 2593.33 2593.33 2590 2590 2583.33 2576.67 2566.67 2556.67 2583.33 2583.33 2583.33 2583.33 2590 2593.33 2553.33 2550 2546.67 2516.67 2510 2510 2536.67 2523.33
-99999 -99999 -99999 -99999 -99999 -99999 2396.67 2313.33 2306.67 1973.33 1863.33 1596.67 1200 1063.33 1110 1393.33 1433.33 2090 2120 2133.33 2253.33 2560 2626.67 2623.33 2696.67 2683.33 2623.33 2633.33 2633.33 2643.33 2656.67 2510 2490 2506.67 2516.67 2503.33 2496.67 2493.33 2496.67 2503.33 2550 2563.33 2570 2583.33 2590 2666.67 2666.67 2616.67 2593.33 2590 2590 2590 2590 2590 2583.33 2576.67 2563.33 2593.33 2586.67 2593.33 2590 2590 2593.33 2553.33 2556.67 2556.67 2523.33 2516.67 2516.67 2540 2536.67
-99999 -99999 -99999 -99999 2226.67 2200 2250 2210 2130 2046.67 2200 2073.33 1403.33 1190 1123.33 1626.67 1710 2180 1810 2113.33 2240 2543.33 2746.67 2533.33 2666.67 2666.67 2636.67 2630 2656.67 2543.33 2546.67 2506.67 2520 2506.67 2510 2503.33 2493.33 2493.33 2493.33 2500 2543.33 2556.67 2570 2583.33 2590 2596.67 2596.67 2596.67 2616.67 2586.67 2590 2596.67 2596.67 2593.33 2583.33 2580 2573.33 2596.67 2593.33 2593.33 2590 2593.33 2593.33 2556.67 2556.67 2556.67 2523.33 2523.33 2523.33 2553.33 2546.67
-99999 -99999 -99999 -99999 2113.33 2260 2060 2060 2246.67 2050 2243.33 1856.67 1666.67 1263.33 1383.33 1750 2136.67 1953.33 1676.67 2103.33 2273.33 2366.67 2563.33 2453.33 2656.67 2713.33 2660 2653.33 2573.33 2543.33 2546.67 2536.67 2520 2510 2520 2503.33 2496.67 2493.33 2496.67 2503.33 2543.33 2560 2573.33 2583.33 2590 2603.33 2600 2673.33 2673.33 2663.33 2663.33 2593.33 2593.33 2596.67 2590 2583.33 2576.67 2603.33 2596.67 2596.67 2590 2593.33 2596.67 2556.67 2556.67 2553.33 2523.33 2523.33 2530 2556.67 2553.33
-99999 -99999 -99999 1966.67 1883.33 1973.33 2170 2220 2183.33 2163.33 2186.67 1880 1953.33 1473.33 1450 1976.67 1563.33 1660 1590 1876.67 2366.67 2450 2603.33 2443.33 2570 2703.33 2576.67 2573.33 2596.67 2590 2586.67 2573.33 2563.33 2563.33 2536.67 2513.33 2536.67 2533.33 2536.67 2543.33 2543.33 2560 2573.33 2583.33 2613.33 2606.67 2600 2673.33 2673.33 2666.67 2666.67 2673.33 2593.33 2596.67 2593.33 2583.33 2583.33 2576.67 2576.67 2590 2590 2596.67 2596.67 2583.33 2583.33 2586.67 2586.67 2586.67 2556.67 2586.67 2586.67
-99999 -99999 1973.33 1766.67 1563.33 1823.33 2276.67 2303.33 2223.33 2253.33 2066.67 1846.67 1543.33 1893.33 1530 1440 1583.33 1843.33 1890 2016.67 2346.67 2430 2606.67 2423.33 2613.33 2616.67 2576.67 2580 2606.67 2603.33 2593.33 2580 2596.67 2573.33 2563.33 2536.67 2550 2550 2546.67 2553.33 2566.67 2583.33 2593.33 2600 2613.33 2613.33 2610 2606.67 2676.67 2673.33 2673.33 2603.33 2603.33 2596.67 2593.33 2590 2583.33 2610 2610 2630 2630 2626.67 2626.67 2583.33 2583.33 2586.67 2586.67 2586.67 2560 2560 2586.67
-99999 2106.67 2086.67 1823.33 1653.33 2030 2366.67 2513.33 2306.67 2093.33 1903.33 1836.67 1616.67 1600 1636.67 1676.67 1890 1903.33 2270 2356.67 2333.33 2456.67 2476.67 2333.33 2643.33 2640 2646.67 2623.33 2646.67 2630 2626.67 2616.67 2603.33 2600 2586.67 2570 2580 2560 2566.67 2566.67 2580 2593.33 2600 2610 2623.33 2623.33 2623.33 2623.33 2620 2613.33 2613.33 2610 2610 2610 2590 2590 2583.33 2643.33 2643.33 2630 2630 2626.67 2626.67 2583.33 2586.67 2586.67 2586.67 2586.67 2556.67 2560 2586.67
-99999 2060 1953.33 1630 1893.33 2043.33 2236.67 2203.33 2243.33 2293.33 1593.33 1726.67 1436.67 1743.33 1773.33 1586.67 1810 2003.33 2013.33 2263.33 2293.33 2533.33 2433.33 2223.33 2606.67 2620 2626.67 2626.67 2656.67 2646.67 2640 2636.67 2626.67 2623.33 2613.33 2596.67 2616.67 2583.33 2590 2593.33 2593.33 2596.67 2610 2623.33 2636.67 2636.67 2643.33 2643.33 2633.33 2633.33 2623.33 2623.33 2616.67 2613.33 2613.33 2590 2583.33 2643.33 2643.33 2640 2630 2626.67 2626.67 2583.33 2586.67 2586.67 2586.67 2586.67 2560 2556.67 2586.67
