assets/server-info/layers/temp_hotest.asc
NCOLS 494
NROWS 531
XLLCORNER -117
YLLCORNER -55.8333
CELLSIZE 0.166667
NODATA_VALUE -99999
[rows 256 to 287 of 531, columns 213 to 283 of 494]
-99999 -99999 -99999 -99999 -99999 -99999 -99999 -99999 -99999 -99999 -99999 -99999 -99999 -99999 -99999 -99999 -99999 -99999 -99999 -99999 2436.67 2166.67 1593.33 960 1013.33 413.33 300 300 733.33 826.67 866.67 1403.33 1113.33 603.33 1353.33 2116.67 2043.33 2510 2576.67 2640 2523.33 2446.67 2343.33 2513.33 2700 2650 2630 2600 2600 2600 2630 2553.33 2543.33 2540 2480 2473.33 2443.33 2466.67 2463.33 2446.67 2446.67 2453.33 2483.33 2460 2533.33 2533.33 2533.33 2556.67 2586.67 2610 2610
-99999 -99999 -99999 -99999 -99999 -99999 -99999 -99999 -99999 -99999 -99999 -99999 -99999 -99999 -99999 -99999 -99999 -99999 -99999 -99999 -99999 1983.33 1680 1506.67 433.33 620 860 100 296.67 540 823.33 913.33 973.33 410 1220 1760 1923.33 2456.67 2366.67 2600 2523.33 2456.67 2343.33 2413.33 2680 2680 2630 2636.67 2640 2636.67 2630 2630 2553.33 2550 2486.67 2463.33 2453.33 2470 2473.33 2450 2453.33 2456.67 2536.67 2483.33 2506.67 2533.33 2483.33 2533.33 2533.33 2586.67 2613.33
-99999 -99999 -99999 -99999 -99999 -99999 -99999 -99999 -99999 -99999 -99999 -99999 -99999 -99999 -99999 -99999 -99999 -99999 -99999 -99999 -99999 1866.67 1730 1423.33 596.67 683.33 806.67 63.33 183.33 356.67 786.67 863.33 853.33 230 1243.33 1736.67 1756.67 2106.67 2313.33 2543.33 2496.67 2406.67 2226.67 2326.67 2630 2680 2636.67 2636.67 2636.67 2640 2640 2633.33 2630 2593.33 2533.33 2463.33 2460 2490 2490 2490 2493.33 2513.33 2506.67 2483.33 2510 2483.33 2453.33 2483.33 2483.33 2560 2590
-99999 -99999 -99999 -99999 -99999 -99999 -99999 -99999 -99999 -99999 -99999 -99999 -99999 -99999 -99999 -99999 -99999 -99999 -99999 -99999 -99999 -99999 1933.33 1350 1253.33 1150 653.33 200 180 426.67 686.67 693.33 673.33 236.67 913.33 1453.33 1666.67 1940 2143.33 2416.67 2233.33 2326.67 2150 2073.33 2336.67 2690 2666.67 2666.67 2670 2666.67 2640 2646.67 2643.33 2636.67 2556.67 2470 2633.33 2666.67 2593.33 2566.67 2543.33 2516.67 2513.33 2483.33 2483.33 2483.33 2450 2483.33 2503.33 2556.67 2530
-99999 -99999 -99999 -99999 -99999 -99999 -99999 -99999 -99999 -99999 -99999 -99999 -99999 -99999 -99999 -99999 -99999 -99999 -99999 -99999 -99999 -99999 -99999 1690 1136.67 856.67 110 880 350 373.33 523.33 560 560 580 1253.33 1433.33 1750 1616.67 1913.33 2250 1920 2166.67 1920 1923.33 2250 2340 2696.67 2670 2666.67 2670 2646.67 2646.67 2720 2716.67 2600 2653.33 2660 2673.33 2660 2570 2563.33 2516.67 2513.33 2510 2476.67 2483.33 2506.67 2506.67 2476.67 2476.67 2473.33
-99999 -99999 -99999 -99999 -99999 -99999 -99999 -99999 -99999 -99999 -99999 -99999 -99999 -99999 -99999 -99999 -99999 -99999 -99999 -99999 -99999 -99999 -99999 1890 1503.33 840 916.67 283.33 700 386.67 460 576.67 573.33 536.67 1306.67 1460 1780 2156.67 2216.67 2380 2476.67 2290 1963.33 2043.33 2293.33 2046.67 2746.67 2493.33 2723.33 2730 2730 2720 2726.67 2763.33 2796.67 2670 2673.33 2686.67 2666.67 2650 2570 2516.67 2516.67 2483.33 2476.67 2473.33 2466.67 2483.33 2476.67 2473.33 2470
-99999 -99999 -99999 -99999 -99999 -99999 -99999 -99999 -99999 -99999 -99999 -99999 -99999 -99999 -99999 -99999 -99999 -99999 -99999 -99999 -99999 -99999 -99999 2050 1966.67 1540 1090 -183.33 80 166.67 343.33 640 593.33 443.33 950 1230 1973.33 2130 1530 1996.67 2313.33 2310 2453.33 2746.67 2723.33 2756.67 2756.67 2496.67 2320 2320 2750 2756.67 2770 2803.33 2896.67 2766.67 2686.67 2666.67 2653.33 2640 2613.33 2493.33 2490 2463.33 2456.67 2446.67 2443.33 2440 2433.33 2476.67 2470
-99999 -99999 -99999 -99999 -99999 -99999 -99999 -99999 -99999 -99999 -99999 -99999 -99999 -99999 -99999 -99999 -99999 -99999 -99999 -99999 -99999 -99999 -99999 2133.33 1890 1610 1320 826.67 523.33 106.67 133.33 513.33 736.67 693.33 1180 1293.33 1576.67 2060 1396.67 1733.33 2060 2310 2446.67 2770 2693.33 2513.33 2446.67 2513.33 2376.67 2380 2680 2783.33 2806.67 2910 2923.33 2806.67 2696.67 2686.67 2670 2650 2633.33 2610 2493.33 2466.67 2460 2450 2443.33 2443.33 2436.67 2480 2476.67
-99999 -99999 -99999 -99999 -99999 -99999 -99999 -99999 -99999 -99999 -99999 -99999 -99999 -99999 -99999 -99999 -99999 -99999 -99999 -99999 -99999 -99999 -99999 -99999 -99999 2063.33 1743.33 1320 153.33 213.33 23.33 473.33 713.33 956.67 1080 1026.67 973.33 1793.33 1703.33 1270 1766.67 2086.67 2163.33 2563.33 2816.67 2513.33 2280 2383.33 2340 2313.33 2646.67 2793.33 2796.67 2870 2896.67 2916.67 2803.33 2700 2686.67 2666.67 2646.67 2626.67 2546.67 2466.67 2463.33 2456.67 2446.67 2443.33 2440 2483.33 2476.67
-99999 -99999 -99999 -99999 -99999 -99999 -99999 -99999 -99999 -99999 -99999 -99999 -99999 -99999 -99999 -99999 -99999 -99999 -99999 -99999 -99999 -99999 -99999 -99999 -99999 -99999 1740 1323.33 666.67 26.67 -120 263.33 616.67 813.33 583.33 876.67 946.67 1183.33 1923.33 983.33 1483.33 1786.67 2183.33 2573.33 2910 2656.67 2226.67 2146.67 2000 2490 2796.67 2783.33 2686.67 2833.33 2826.67 2866.67 2796.67 2756.67 2676.67 2660 2660 2646.67 2560 2476.67 2466.67 2466.67 2456.67 2450 2443.33 2490 2483.33
-99999 -99999 -99999 -99999 -99999 -99999 -99999 -99999 -99999 -99999 -99999 -99999 -99999 -99999 -99999 -99999 -99999 -99999 -99999 -99999 -99999 -99999 -99999 -99999 -99999 -99999 1840 1330 496.67 -10 -133.33 113.33 523.33 766.67 736.67 966.67 1050 960 1540 1016.67 1593.33 1833.33 2236.67 2630 2930 2633.33 2240 1670 1926.67 2340 2826.67 2846.67 2696.67 2693.33 2626.67 2776.67 2736.67 2676.67 2706.67 2606.67 2636.67 2660 2640 2530 2480 2473.33 2470 2463.33 2453.33 2500 2496.67
-99999 -99999 -99999 -99999 -99999 -99999 -99999 -99999 -99999 -99999 -99999 -99999 -99999 -99999 -99999 -99999 -99999 -99999 -99999 -99999 -99999 -99999 -99999 -99999 -99999 -99999 2220 1576.67 1326.67 826.67 200 -6.67 336.67 506.67 690 970 1063.33 1070 796.67 1546.67 1946.67 2460 2636.67 2603.33 2906.67 2746.67 2433.33 1743.33 1583.33 1913.33 2603.33 2870 2696.67 2636.67 2573.33 2533.33 2706.67 2533.33 2573.33 2636.67 2606.67 2683.33 2660 2550 2533.33 2483.33 2480 2470 2466.67 2513.33 2510
-99999 -99999 -99999 -99999 -99999 -99999 -99999 -99999 -99999 -99999 -99999 -99999 -99999 -99999 -99999 -99999 -99999 -99999 -99999 -99999 -99999 -99999 -99999 -99999 -99999 -99999 -99999 1940 1563.33 993.33 643.33 76.67 410 413.33 543.33 636.67 906.67 1160 716.67 1796.67 1946.67 2350 2186.67 2190 2713.33 2823.33 2560 1906.67 1416.67 1866.67 2270 2826.67 2643.33 2383.33 2376.67 2366.67 2356.67 2370 2476.67 2510 2586.67 2606.67 2676.67 2543.33 2526.67 2513.33 2463.33 2486.67 2506.67 2530 2530
-99999 -99999 -99999 -99999 -99999 -99999 -99999 -99999 -99999 -99999 -99999 -99999 -99999 -99999 -99999 -99999 -99999 -99999 -99999 -99999 -99999 -99999 -99999 -99999 -99999 -99999 -99999 -99999 1643.33 993.33 323.33 700 780 340 446.67 480 803.33 1056.67 956.67 1700 1860 1696.67 1363.33 2200 2366.67 2750 2660 1993.33 1670 1870 2403.33 2240 2226.67 1976.67 1970 1963.33 1870 2023.33 2153.33 2353.33 2500 2573.33 2663.33 2636.67 2543.33 2533.33 2516.67 2503.33 2523.33 2550 2550
-99999 -99999 -99999 -99999 -99999 -99999 -99999 -99999 -99999 -99999 -99999 -99999 -99999 -99999 -99999 -99999 -99999 -99999 -99999 -99999 -99999 -99999 -99999 -99999 -99999 -99999 -99999 -99999 1936.67 1476.67 1176.67 353.33 690 846.67 370 326.67 440 790 850 933.33 1003.33 1186.67 1793.33 1383.33 1913.33 2493.33 2760 2583.33 2000 1920 2573.33 2080 1986.67 1896.67 1806.67 1800 1790 1533.33 1643.33 2120 2336.67 2483.33 2623.33 2600 2573.33 2543.33 2533.33 2550 2533.33 2560 2566.67
-99999 -99999 -99999 -99999 -99999 -99999 -99999 -99999 -99999 -99999 -99999 -99999 -99999 -99999 -99999 -99999 -99999 -99999 -99999 -99999 -99999 -99999 -99999 -99999 -99999 -99999 -99999 -99999 -99999 1760 1190 1176.67 400 763.33 243.33 150 200 543.33 550 820 760 1016.67 1043.33 1503.33 916.67 1850 2423.33 2680 1923.33 1840 2576.67 2573.33 2476.67 2476.67 2306.67 1556.67 1716.67 943.33 1513.33 2126.67 2353.33 2403.33 2516.67 2393.33 2580 2606.67 2593.33 2563.33 2576.67 2596.67 2600
-99999 -99999 -99999 -99999 -99999 -99999 -99999 -99999 -99999 -99999 -99999 -99999 -99999 -99999 -99999 -99999 -99999 -99999 -99999 -99999 -99999 -99999 -99999 -99999 -99999 -99999 -99999 -99999 -99999 1746.67 1423.33 1020 830 980 400 170 163.33 333.33 346.67 620 746.67 973.33 1420 1533.33 686.67 1110 1783.33 2600 2010 2090 1760 1923.33 2160 2070 1816.67 1730 1470 1206.67 1436.67 2163.33 2383.33 2496.67 2366.67 2213.33 2423.33 2560 2593.33 2616.67 2590 2633.33 2576.67
-99999 -99999 -99999 -99999 -99999 -99999 -99999 -99999 -99999 -99999 -99999 -99999 -99999 -99999 -99999 -99999 -99999 -99999 -99999 -99999 -99999 -99999 -99999 -99999 -99999 -99999 -99999 -99999 -99999 -99999 1866.67 1636.67 1266.67 830 250 60 166.67 223.33 223.33 346.67 570 913.33 1536.67 1140 1053.33 1043.33 1536.67 2353.33 1930 1766.67 996.67 990 1913.33 1580 976.67 1400 1056.67 1210 1453.33 1930 2300 2420 2216.67 2056.67 2190 2343.33 2546.67 2543.33 2536.67 2486.67 2480
-99999 -99999 -99999 -99999 -99999 -99999 -99999 -99999 -99999 -99999 -99999 -99999 -99999 -99999 -99999 -99999 -99999 -99999 -99999 -99999 -99999 -99999 -99999 -99999 -99999 -99999 -99999 -99999 -99999 -99999 2300 1910 1236.67 270 193.33 370 220 323.33 150 223.33 350 466.67 1136.67 1503.33 1160 1313.33 1120 2190 1600 1083.33 1000 1080 1670 1663.33 730 726.67 980 970 1466.67 1860 1823.33 2176.67 1936.67 2030 2163.33 2160 2550 2356.67 2333.33 2420 2510
-99999 -99999 -99999 -99999 -99999 -99999 -99999 -99999 -99999 -99999 -99999 -99999 -99999 -99999 -99999 -99999 -99999 -99999 -99999 -99999 -99999 -99999 -99999 -99999 -99999 -99999 -99999 -99999 -99999 -99999 -99999 2106.67 1686.67 1223.33 480 806.67 393.33 243.33 173.33 300 343.33 460 1116.67 1330 1230 1143.33 1876.67 1780 1933.33 1083.33 396.67 220 390 1073.33 650 903.33 473.33 810 966.67 1033.33 1420 1440 1356.67 1526.67 1820 1980 2340 2356.67 2143.33 2250 2413.33
-99999 -99999 -99999 -99999 -99999 -99999 -99999 -99999 -99999 -99999 -99999 -99999 -99999 -99999 -99999 -99999 -99999 -99999 -99999 -99999 -99999 -99999 -99999 -99999 -99999 -99999 -99999 -99999 -99999 -99999 -99999 -99999 2133.33 1500 1090 643.33 540 213.33 186.67 300 263.33 423.33 906.67 1026.67 943.33 1046.67 1620 1606.67 1850 2010 1253.33 1083.33 570 563.33 823.33 1083.33 1093.33 1073.33 1050 1040 830 863.33 956.67 1296.67 1506.67 1420 2346.67 2366.67 1883.33 2110 2470
-99999 -99999 -99999 -99999 -99999 -99999 -99999 -99999 -99999 -99999 -99999 -99999 -99999 -99999 -99999 -99999 -99999 -99999 -99999 -99999 -99999 -99999 -99999 -99999 -99999 -99999 -99999 -99999 -99999 -99999 -99999 -99999 2150 1470 1053.33 1166.67 616.67 290 186.67 333.33 393.33 466.67 866.67 1140 1066.67 1110 1526.67 1090 1086.67 1590 1170 910 1000 1080 903.33 996.67 1103.33 1070 870 1043.33 1016.67 456.67 386.67 836.67 793.33 783.33 2036.67 1560 2063.33 1883.33 2296.67
-99999 -99999 -99999 -99999 -99999 -99999 -99999 -99999 -99999 -99999 -99999 -99999 -99999 -99999 -99999 -99999 -99999 -99999 -99999 -99999 -99999 -99999 -99999 -99999 -99999 -99999 -99999 -99999 -99999 -99999 -99999 -99999 2106.67 1810 1290 963.33 646.67 306.67 296.67 280 83.33 286.67 356.67 746.67 766.67 1356.67 1176.67 1083.33 743.33 830 830 1426.67 916.67 743.33 896.67 906.67 993.33 983.33 880 953.33 676.67 463.33 66.67 30 690 1013.33 1253.33 833.33 1596.67 1990 1990
-99999 -99999 -99999 -99999 -99999 -99999 -99999 -99999 -99999 -99999 -99999 -99999 -99999 -99999 -99999 -99999 -99999 -99999 -99999 -99999 -99999 -99999 -99999 -99999 -99999 -99999 -99999 -99999 -99999 -99999 -99999 2153.33 2113.33 2023.33 1843.33 1383.33 783.33 436.67 336.67 913.33 776.67 146.67 460 323.33 693.33 1146.67 1253.33 913.33 826.67 913.33 910 1080 483.33 740 983.33 723.33 893.33 1056.67 1046.67 860 496.67 386.67 100 160 223.33 560 643.33 1740 856.67 1353.33 1770
-99999 -99999 -99999 -99999 -99999 -99999 -99999 -99999 -99999 -99999 -99999 -99999 -99999 -99999 -99999 -99999 -99999 -99999 -99999 -99999 -99999 -99999 -99999 -99999 -99999 -99999 -99999 -99999 -99999 -99999 -99999 2196.67 1933.33 1913.33 1943.33 1693.33 1243.33 613.33 943.33 493.33 230 276.67 303.33 510 366.67 836.67 776.67 1163.33 743.33 1083.33 740 740 736.67 993.33 726.67 890 890 803.33 720 850 840 480 380 290 100 356.67 340 253.33 580 713.33 1046.67
-99999 -99999 -99999 -99999 -99999 -99999 -99999 -99999 -99999 -99999 -99999 -99999 -99999 -99999 -99999 -99999 -99999 -99999 -99999 -99999 -99999 -99999 -99999 -99999 -99999 -99999 -99999 -99999 -99999 -99999 -99999 -99999 -99999 1883.33 1956.67 1976.67 1383.33 993.33 1553.33 596.67 213.33 250 396.67 433.33 730 780 560 873.33 1000 826.67 736.67 733.33 560 716.67 550 796.67 883.33 793.33 793.33 763.33 843.33 843.33 673.33 403.33 316.67 400 476.67 560 546.67 163.33 243.33
-99999 -99999 -99999 -99999 -99999 -99999 -99999 -99999 -99999 -99999 -99999 -99999 -99999 -99999 -99999 -99999 -99999 -99999 -99999 -99999 -99999 -99999 -99999 -99999 -99999 -99999 -99999 -99999 -99999 -99999 -99999 -99999 -99999 1836.67 1953.33 2013.33 1960 1653.33 1580 1206.67 570 610 330 366.67 406.67 550 503.33 573.33 650 736.67 560 726.67 553.33 536.67 536.67 700 950 950 693.33 693.33 786.67 796.67 510 383.33 703.33 696.67 516.67 583.33 486.67 446.67 466.67
-99999 -99999 -99999 -99999 -99999 -99999 -99999 -99999 -99999 -99999 -99999 -99999 -99999 -99999 -99999 -99999 -99999 -99999 -99999 -99999 -99999 -99999 -99999 -99999 -99999 -99999 -99999 -99999 -99999 -99999 -99999 -99999 -99999 -99999 1840 2076.67 2003.33 2010 1680 1300 753.33 443.33 246.67 380 346.67 323.33 383.33 346.67 650 726.67 556.67 546.67 356.67 353.33 343.33 683.33 686.67 853.33 513.33 606.67 786.67 743.33 623.33 723.33 743.33 820 796.67 606.67 503.33 500 486.67
-99999 -99999 -99999 -99999 -99999 -99999 -99999 -99999 -99999 -99999 -99999 -99999 -99999 -99999 -99999 -99999 -99999 -99999 -99999 -99999 -99999 -99999 -99999 -99999 -99999 -99999 -99999 -99999 -99999 -99999 -99999 -99999 -99999 -99999 -99999 2170 1820 2046.67 1970 1470 1260 460 340 486.67 636.67 346.67 253.33 560 513.33 553.33 546.67 403.33 313.33 320 330 330 506.67 503.33 680 753.33 843.33 766.67 620 816.67 956.67 826.67 856.67 800 773.33 836.67 396.67
-99999 -99999 -99999 -99999 -99999 -99999 -99999 -99999 -99999 -99999 -99999 -99999 -99999 -99999 -99999 -99999 -99999 -99999 -99999 -99999 -99999 -99999 -99999 -99999 -99999 -99999 -99999 -99999 -99999 -99999 -99999 -99999 -99999 -99999 -99999 -99999 1903.33 1833.33 1936.67 1746.67 1356.67 1053.33 533.33 763.33 493.33 390 540 443.33 660 340 386.67 390 383.33 286.67 313.33 313.33 496.67 403.33 490 746.67 833.33 756.67 743.33 720 943.33 990 930 790 843.33 666.67 833.33
-99999 -99999 -99999 -99999 -99999 -99999 -99999 -99999 -99999 -99999 -99999 -99999 -99999 -99999 -99999 -99999 -99999 -99999 -99999 -99999 -99999 -99999 -99999 -99999 -99999 -99999 -99999 -99999 -99999 -99999 -99999 -99999 -99999 -99999 -99999 -99999 -99999 1576.67 1683.33 1556.67 1306.67 1153.33 1303.33 870 783.33 773.33 943.33 580 396.67 306.67 493.33 713.33 483.33 350 326.67 346.67 350 400 353.33 660 483.33 483.33 696.67 503.33 513.33 690 850 866.67 750 753.33 866.67
-99999 -99999 -99999 -99999 -99999 -99999 -99999 -99999 -99999 -99999 -99999 -99999 -99999 -99999 -99999 -99999 -99999 -99999 -99999 -99999 -99999 -99999 -99999 -99999 -99999 -99999 -99999 -99999 -99999 -99999 -99999 -99999 -99999 -99999 -99999 -99999 -99999 -99999 1653.33 1803.33 1293.33 1470 1096.67 1240 1160 550 700 756.67 413.33 1313.33 506.67 713.33 200 216.67 406.67 333.33 370 393.33 490 570 553.33 376.67 286.67 373.33 293.33 646.67 740 860 906.67 953.33 880
