assets/server-info/layers/temp_wettest.asc
NCOLS 494
NROWS 531
XLLCORNER -117
YLLCORNER -55.8333
CELLSIZE 0.166667
NODATA_VALUE -99999
[rows 0 to 31 of 531, columns 0 to 70 of 494]
1240 1010 940 970 836.67 1036.67 676.67 733.33 1373.33 1370 1430 1470 1353.33 1330 1303.33 1316.67 1260 976.67 1266.67 1183.33 2640 2573.33 2870 2890 2890 2793.33 2810 2796.67 2720 2873.33 -99999 -99999 -99999 -99999 -99999 -99999 -99999 -99999 -99999 -99999 -99999 -99999 -99999 -99999 -99999 -99999 -99999 -99999 -99999 -99999 -99999 -99999 -99999 -99999 -99999 -99999 -99999 -99999 -99999 -99999 -99999 -99999 -99999 -99999 -99999 -99999 -99999 -99999 -99999 -99999 -99999
1240 1036.67 886.67 866.67 736.67 766.67 670 753.33 1423.33 1446.67 1376.67 1376.67 1260 1310 1300 1310 1293.33 1263.33 1270 2586.67 2620 2826.67 2870 2833.33 2763.33 2730 2823.33 2746.67 2720 2906.67 -99999 -99999 -99999 -99999 -99999 -99999 -99999 -99999 -99999 -99999 -99999 -99999 -99999 -99999 -99999 -99999 -99999 -99999 -99999 -99999 -99999 -99999 -99999 -99999 -99999 -99999 -99999 -99999 -99999 -99999 -99999 -99999 -99999 -99999 -99999 -99999 -99999 -99999 -99999 -99999 -99999
1376.67 1163.33 766.67 856.67 700 550 380 1320 1416.67 1433.33 1200 1333.33 1286.67 1333.33 1306.67 1316.67 1260 1263.33 1270 2590 2570 2810 2803.33 2800 2720 2670 2696.67 2813.33 2750 2883.33 -99999 -99999 -99999 -99999 -99999 -99999 -99999 -99999 -99999 -99999 -99999 -99999 -99999 -99999 -99999 -99999 -99999 -99999 -99999 -99999 -99999 -99999 -99999 -99999 -99999 -99999 -99999 -99999 -99999 -99999 -99999 -99999 -99999 -99999 -99999 -99999 -99999 -99999 -99999 -99999 -99999
-99999 1300 1063.33 840 840 680 683.33 586.67 736.67 1296.67 1316.67 1280 1293.33 1350 1320 1320 1326.67 2656.67 2690 2553.33 2540 2756.67 2780 2790 2850 2750 2693.33 2726.67 2736.67 2870 -99999 -99999 -99999 -99999 -99999 -99999 -99999 -99999 -99999 -99999 -99999 -99999 -99999 -99999 -99999 -99999 -99999 -99999 -99999 -99999 -99999 -99999 -99999 -99999 -99999 -99999 -99999 -99999 -99999 -99999 -99999 -99999 -99999 -99999 -99999 -99999 -99999 -99999 -99999 -99999 -99999
-99999 -99999 1143.33 1130 910 833.33 596.67 333.33 656.67 1136.67 1290 1276.67 1303.33 1356.67 1390 1333.33 2713.33 2593.33 2610 2560 2516.67 2663.33 2643.33 2723.33 2770 2620 2643.33 2660 2716.67 2750 2773.33 2686.67 2670 2453.33 2506.67 2503.33 2496.67 2663.33 2533.33 2263.33 2303.33 2466.67 2303.33 2306.67 2323.33 2330 2053.33 2006.67 2226.67 2260 2210 2246.67 2180 2193.33 2166.67 2293.33 2326.67 2403.33 2453.33 2423.33 2483.33 2550 2543.33 2626.67 2546.67 2546.67 2513.33 2383.33 2410 2440 2486.67
-99999 -99999 1266.67 1213.33 896.67 760 633.33 433.33 376.67 1016.67 1110 1160 1193.33 1336.67 2856.67 2800 2703.33 2633.33 2673.33 2530 2480 2593.33 2626.67 2680 2746.67 2670 2646.67 2696.67 2750 2763.33 2703.33 2690 2673.33 2473.33 2526.67 2506.67 2496.67 2486.67 2263.33 2306.67 2293.33 2406.67 2296.67 2300 2310 2313.33 2223.33 1990 2236.67 2203.33 2210 2210 2216.67 2146.67 2263.33 2296.67 2340 2383.33 2530 2493.33 2520 2550 2540 2540 2630 2553.33 2546.67 2480 2410 2466.67 2486.67
-99999 -99999 1256.67 1040 1060 673.33 510 580 540 420 763.33 1026.67 1140 1256.67 -99999 -99999 -99999 2606.67 2620 2626.67 2530 2483.33 2573.33 2696.67 2740 2816.67 2790 2706.67 2770 2736.67 2613.33 2670 2693.33 2510 2510 2506.67 2500 2433.33 2363.33 2303.33 2290 2363.33 2280 2290 2316.67 2320 2306.67 2446.67 2256.67 2216.67 2183.33 2206.67 2170 2086.67 2200 2246.67 2303.33 2360 2520 2580 2533.33 2566.67 2566.67 2566.67 2646.67 2646.67 2556.67 2540 2376.67 2436.67 2480
-99999 -99999 -99999 -99999 1063.33 1010 913.33 656.67 656.67 456.67 630 650 1116.67 1270 -99999 -99999 -99999 -99999 -99999 -99999 -99999 2576.67 2653.33 2680 2733.33 2826.67 2906.67 2770 2686.67 2610 2630 2690 2676.67 2610 2510 2516.67 2323.33 2483.33 2376.67 2300 2140 2220 2260 2276.67 2320 2326.67 2333.33 2426.67 2276.67 2250 2206.67 2180 2070 2026.67 2150 2190 2253.33 2330 2506.67 2570 2616.67 2593.33 2626.67 2630 2600 2653.33 2650 2570 2523.33 2413.33 2406.67
-99999 -99999 -99999 -99999 1100 1093.33 1146.67 666.67 563.33 493.33 850 903.33 910 1146.67 -99999 -99999 -99999 -99999 -99999 -99999 -99999 2573.33 2773.33 2840 2916.67 2880 2923.33 2933.33 2806.67 2750 2776.67 2803.33 2683.33 2646.67 2533.33 2420 2250 2396.67 2423.33 2300 2246.67 2273.33 2250 2290 2146.67 2346.67 2356.67 2500 2410 2280 2036.67 2140 2023.33 1976.67 2063.33 2133.33 2140 2293.33 2480 2476.67 2646.67 2670 2623.33 2630 2596.67 2483.33 2540 2610 2580 2500 2396.67
-99999 -99999 -99999 -99999 1323.33 1183.33 1063.33 826.67 566.67 246.67 843.33 893.33 903.33 1180 -99999 -99999 -99999 -99999 -99999 -99999 -99999 -99999 -99999 2950 3020 2993.33 2953.33 2946.67 2816.67 2820 2833.33 2863.33 2756.67 2690 2480 2460 2473.33 2480 2460 2343.33 2273.33 2296.67 2310 2290 2373.33 2370 2546.67 2536.67 2323.33 2090 2133.33 2006.67 1836.67 1883.33 1983.33 2086.67 2123.33 2273.33 2366.67 2530 2553.33 2633.33 2646.67 2566.67 2546.67 2446.67 2433.33 2343.33 2576.67 2556.67 2426.67
-99999 -99999 -99999 -99999 -99999 1180 1086.67 936.67 753.33 213.33 -46.67 890 746.67 1030 1203.33 -99999 -99999 -99999 -99999 -99999 -99999 -99999 -99999 -99999 3070 3116.67 3026.67 3006.67 2983.33 2953.33 2830 2890 2883.33 2806.67 2706.67 2733.33 2640 2563.33 2363.33 2340 2290 2533.33 2423.33 2340 2430 2556.67 2543.33 2636.67 2626.67 2226.67 2140 1973.33 1660 1646.67 1876.67 2046.67 2070 2116.67 2360 2520 2523.33 2593.33 2510 2503.33 2503.33 2496.67 2406.67 2393.33 2393.33 2236.67 2566.67
-99999 -99999 -99999 -99999 -99999 -99999 1153.33 1026.67 850 640 366.67 363.33 776.67 1100 1283.33 -99999 -99999 -99999 -99999 -99999 -99999 -99999 -99999 3076.67 3113.33 3170 3036.67 2986.67 3026.67 3033.33 2940 2903.33 2903.33 2823.33 2736.67 2753.33 2723.33 2643.33 2393.33 2350 2523.33 2613.33 2463.33 2536.67 2430 2540 2576.67 2720 2720 2293.33 2110 1906.67 1816.67 1756.67 2063.33 2183.33 2150 2260 2363.33 2513.33 2506.67 2576.67 2473.33 2563.33 2566.67 2476.67 2456.67 2450 2380 2306.67 2476.67
-99999 -99999 -99999 -99999 -99999 -99999 -99999 1130 1000 843.33 686.67 633.33 826.67 1013.33 1236.67 -99999 -99999 -99999 -99999 -99999 -99999 -99999 -99999 -99999 -99999 3160 3020 2986.67 3016.67 3010 2923.33 2806.67 2850 2896.67 2876.67 2810 2790 2743.33 2513.33 2513.33 2403.33 2700 2536.67 2586.67 2400 2500 2746.67 2453.33 2783.33 2740 2240 1963.33 2110 2176.67 2323.33 2326.67 2236.67 2233.33 2490 2500 2490 2486.67 2490 2486.67 2490 2460 2433.33 2443.33 2453.33 2390 2396.67
-99999 -99999 -99999 -99999 -99999 -99999 -99999 1230 1186.67 963.33 893.33 866.67 896.67 953.33 1226.67 -99999 -99999 -99999 -99999 -99999 -99999 -99999 -99999 -99999 -99999 3230 3046.67 3040 2960 3016.67 2930 2796.67 2843.33 2913.33 2940 2900 2816.67 2666.67 2570 2553.33 2360 2623.33 2683.33 2570 2583.33 2646.67 2773.33 2480 2340 2776.67 2463.33 2080 1936.67 2156.67 2296.67 2376.67 2333.33 2340 2523.33 2493.33 2496.67 2496.67 2503.33 2506.67 2500 2386.67 2370 2370 2463.33 2480 2490
-99999 -99999 -99999 -99999 -99999 -99999 -99999 1466.67 1323.33 1266.67 1173.33 1040 993.33 910 1240 -99999 -99999 -99999 -99999 -99999 -99999 -99999 -99999 -99999 -99999 3236.67 3033.33 2973.33 2943.33 2803.33 2806.67 2823.33 2730 2780 2770 2810 2710 2686.67 2590 2596.67 2613.33 2676.67 2556.67 2533.33 2703.33 2550 2763.33 2636.67 2606.67 2786.67 2413.33 2120 1960 2150 2333.33 2336.67 2356.67 2433.33 2443.33 2426.67 2403.33 2503.33 2540 2573.33 2453.33 2413.33 2403.33 2393.33 2473.33 2483.33 2406.67
-99999 -99999 -99999 -99999 -99999 -99999 -99999 -99999 1430 1446.67 1306.67 1236.67 1136.67 983.33 1256.67 -99999 -99999 -99999 -99999 -99999 -99999 -99999 -99999 -99999 -99999 -99999 3200 2983.33 2823.33 2820 2823.33 2770 2676.67 2640 2660 2680 2693.33 2663.33 2583.33 2546.67 2630 2806.67 2586.67 2653.33 2770 2553.33 2766.67 2803.33 2470 2593.33 2396.67 2190 2166.67 2160 2326.67 2193.33 2446.67 2446.67 2426.67 2416.67 2393.33 2376.67 2340 2383.33 2443.33 2410 2383.33 2456.67 2486.67 2483.33 2420
-99999 -99999 -99999 -99999 -99999 -99999 -99999 -99999 1573.33 1486.67 1406.67 1446.67 1203.33 1406.67 1136.67 1256.67 1560 -99999 -99999 -99999 -99999 -99999 -99999 -99999 -99999 -99999 3323.33 3093.33 3063.33 3090 3070 2816.67 2716.67 2716.67 3123.33 2876.67 2743.33 2760 2606.67 2740 2623.33 2880 2650 2646.67 2936.67 2943.33 2686.67 2760 2766.67 2606.67 2173.33 2173.33 1956.67 1840 2096.67 2030 2053.33 2380 2346.67 2330 2296.67 2220 2296.67 2203.33 2216.67 2210 2363.33 2393.33 2490 2500 2366.67
-99999 -99999 -99999 -99999 -99999 -99999 -99999 -99999 1650 1436.67 1453.33 1450 1173.33 1373.33 1263.33 1336.67 1306.67 1213.33 -99999 -99999 -99999 -99999 -99999 -99999 -99999 -99999 3330 3063.33 3066.67 3013.33 3116.67 2803.33 2760 3006.67 3070 2996.67 2763.33 2833.33 2803.33 2810 2756.67 2776.67 2826.67 2636.67 2686.67 2953.33 2673.33 2816.67 2676.67 2536.67 2110 2080 1906.67 1856.67 2003.33 2103.33 2046.67 2120 2256.67 2186.67 2233.33 2153.33 2143.33 2253.33 2176.67 2166.67 2343.33 2373.33 2490 2536.67 2396.67
-99999 -99999 -99999 -99999 -99999 -99999 -99999 -99999 -99999 -99999 1136.67 1383.33 1293.33 1086.67 1333.33 1330 1183.33 1190 2603.33 2900 -99999 3093.33 -99999 -99999 -99999 -99999 -99999 -99999 3073.33 3093.33 3090 3096.67 3076.67 3023.33 2990 3073.33 2836.67 2930 2893.33 2856.67 2916.67 2740 2806.67 2723.33 2530 3136.67 2813.33 2453.33 2540 2483.33 2330 2050 1756.67 1903.33 1806.67 1843.33 1973.33 1886.67 2143.33 2076.67 2140 1933.33 1933.33 2170 2166.67 2236.67 2333.33 2436.67 2500 2470 2413.33
-99999 -99999 -99999 -99999 -99999 -99999 -99999 -99999 -99999 -99999 -99999 -99999 1593.33 1280 1046.67 1323.33 1010 1013.33 2386.67 2766.67 -99999 2980 2826.67 -99999 -99999 -99999 -99999 -99999 3360 3096.67 3076.67 3143.33 3116.67 3146.67 3123.33 3133.33 2960 3150 3046.67 2786.67 2843.33 2890 2803.33 2813.33 2863.33 2833.33 2636.67 2353.33 2196.67 2443.33 2430 2056.67 1733.33 1930 1773.33 1880 1923.33 1853.33 2110 2036.67 2120 2016.67 1920 2780 2766.67 2770 2346.67 2536.67 2510 2543.33 2416.67
-99999 -99999 -99999 -99999 -99999 -99999 -99999 -99999 -99999 -99999 -99999 -99999 -99999 1613.33 1320 1233.33 983.33 1076.67 2303.33 2666.67 2756.67 -99999 3216.67 2823.33 -99999 -99999 -99999 -99999 3363.33 3083.33 3046.67 3146.67 3233.33 3186.67 3133.33 3143.33 3213.33 3336.67 3260 2920 2910 2930 2770 2783.33 2946.67 2486.67 2570 2480 2220 2320 2116.67 2236.67 1833.33 1790 1853.33 1836.67 1883.33 1780 2050 2010 2013.33 2010 2603.33 2623.33 2776.67 2800 2313.33 2570 2593.33 2536.67 2503.33
-99999 -99999 -99999 -99999 -99999 -99999 -99999 -99999 -99999 -99999 -99999 -99999 -99999 -99999 1596.67 1256.67 1270 1073.33 2596.67 2510 2610 -99999 -99999 3086.67 -99999 -99999 -99999 -99999 3140 3126.67 3126.67 3183.33 3243.33 3160 3153.33 3160 3090 3223.33 3236.67 2966.67 2963.33 2953.33 2803.33 2743.33 2910 2730 2766.67 2630 2400 2073.33 2473.33 2083.33 2006.67 1903.33 1836.67 1860 1866.67 1873.33 2040 1983.33 1990 1910 2543.33 2893.33 2803.33 2820 2840 2580 2513.33 2523.33 2466.67
-99999 -99999 -99999 -99999 -99999 -99999 -99999 -99999 -99999 -99999 -99999 -99999 -99999 -99999 -99999 -99999 1390 1443.33 2656.67 2660 2356.67 2543.33 3086.67 -99999 -99999 -99999 -99999 3326.67 3053.33 -99999 3096.67 3300 3326.67 3330 3276.67 3296.67 3246.67 3153.33 3156.67 2946.67 2953.33 2933.33 3073.33 2870 2523.33 2670 2576.67 2693.33 2300 2316.67 2400 2266.67 2100 1826.67 1843.33 1926.67 1930 1973.33 1976.67 1870 1833.33 1826.67 1883.33 1816.67 2106.67 2276.67 2306.67 2450 2450 2550 2576.67
-99999 -99999 -99999 -99999 -99999 -99999 -99999 -99999 -99999 -99999 -99999 -99999 -99999 -99999 -99999 -99999 1676.67 1453.33 1570 1453.33 2366.67 2000 2576.67 2803.33 -99999 3160 -99999 3313.33 3263.33 -99999 -99999 3286.67 3286.67 3300 3306.67 3256.67 3233.33 3136.67 3093.33 3050 2856.67 2826.67 2660 2806.67 2413.33 2703.33 2320 2256.67 2366.67 2213.33 2303.33 2130 2060 1786.67 1890 2136.67 1933.33 1906.67 1783.33 1903.33 1926.67 1913.33 1863.33 1893.33 1880 2230 2350 2426.67 2553.33 2553.33 2563.33
-99999 -99999 -99999 -99999 -99999 -99999 -99999 -99999 -99999 -99999 -99999 -99999 -99999 -99999 -99999 -99999 -99999 1716.67 1563.33 2336.67 1983.33 1973.33 2563.33 2750 -99999 3096.67 -99999 -99999 -99999 -99999 -99999 -99999 3246.67 3250 3250 3180 3156.67 2903.33 2990 2810 2850 2863.33 2760 2650 2520 2706.67 2550 2220 2020 2243.33 2326.67 2013.33 2090 1656.67 1693.33 2163.33 1846.67 1893.33 1873.33 1843.33 1906.67 1913.33 1936.67 2003.33 1873.33 2293.33 2316.67 2386.67 2546.67 2513.33 2573.33
-99999 -99999 -99999 -99999 -99999 -99999 -99999 -99999 -99999 -99999 -99999 -99999 -99999 -99999 -99999 -99999 -99999 -99999 1566.67 1376.67 2273.33 1840 1986.67 2566.67 2603.33 2886.67 -99999 -99999 -99999 -99999 -99999 -99999 -99999 3193.33 3196.67 3090 3060 2846.67 2916.67 2923.33 2750 2810 2830 2686.67 2626.67 2866.67 2603.33 2620 1873.33 1963.33 2006.67 2106.67 2230 1910 1850 1810 1920 1793.33 1823.33 1903.33 1900 1920 1840 1996.67 2163.33 2196.67 2123.33 2406.67 2470 2600 2573.33
-99999 -99999 -99999 -99999 -99999 -99999 -99999 -99999 -99999 -99999 -99999 1266.67 -99999 -99999 -99999 -99999 -99999 -99999 1626.67 2506.67 2236.67 2223.33 2340 2496.67 2303.33 2663.33 -99999 -99999 -99999 -99999 -99999 -99999 -99999 -99999 3140 2990 2970 2813.33 2843.33 2976.67 2770 2860 2880 2926.67 2673.33 2473.33 2773.33 2346.67 1933.33 1883.33 2033.33 2056.67 2246.67 1830 1793.33 1790 1613.33 1780 1833.33 1800 1843.33 1846.67 1946.67 2086.67 2146.67 2266.67 2266.67 2373.33 2463.33 2573.33 2556.67
-99999 -99999 -99999 -99999 -99999 -99999 -99999 -99999 -99999 -99999 1673.33 1273.33 -99999 -99999 -99999 -99999 -99999 1716.67 1773.33 1630 2486.67 2466.67 2353.33 2466.67 2536.67 2426.67 -99999 -99999 -99999 -99999 -99999 -99999 -99999 -99999 -99999 2956.67 2700 2816.67 2956.67 2936.67 2636.67 2880 2953.33 2970 2963.33 2870 2856.67 2473.33 2136.67 1866.67 2240 2350 2323.33 1913.33 1840 1713.33 1696.67 1593.33 1706.67 1750 1826.67 1863.33 2003.33 2116.67 2140 2153.33 2326.67 2383.33 2490 2483.33 2490
-99999 -99999 -99999 -99999 -99999 -99999 -99999 -99999 -99999 -99999 -99999 -99999 -99999 -99999 -99999 -99999 -99999 1770 1796.67 1743.33 2556.67 2543.33 2526.67 2516.67 2533.33 2423.33 -99999 -99999 -99999 -99999 -99999 -99999 -99999 -99999 -99999 -99999 -99999 2903.33 3083.33 3036.67 2973.33 2823.33 3033.33 3186.67 2903.33 2623.33 2470 2636.67 2446.67 2373.33 2493.33 2380 2543.33 2220 1843.33 1756.67 1623.33 1650 1643.33 1663.33 1873.33 1893.33 2123.33 2026.67 2113.33 2090 2276.67 2326.67 2406.67 2356.67 2406.67
-99999 -99999 -99999 -99999 -99999 -99999 -99999 -99999 -99999 -99999 -99999 -99999 1746.67 1656.67 1486.67 1623.33 1740 1800 1800 1770 1686.67 2533.33 2523.33 2436.67 2366.67 2453.33 2506.67 -99999 -99999 -99999 -99999 -99999 -99999 -99999 -99999 -99999 -99999 -99999 -99999 3096.67 3043.33 3040 3090 3236.67 2916.67 2846.67 2743.33 2613.33 2663.33 2630 2846.67 2503.33 2313.33 1760 1876.67 1836.67 1646.67 1730 1713.33 1753.33 1906.67 1703.33 1996.67 2066.67 2063.33 2206.67 2160 2213.33 2350 2396.67 2363.33
-99999 -99999 -99999 -99999 -99999 -99999 -99999 -99999 -99999 -99999 -99999 -99999 -99999 -99999 1593.33 1353.33 1623.33 1676.67 1743.33 1773.33 1716.67 1636.67 2510 2360 1870 2283.33 2360 2640 2910 -99999 -99999 -99999 -99999 -99999 -99999 -99999 -99999 -99999 3136.67 3130 3136.67 3126.67 3150 3290 2940 2726.67 3033.33 2786.67 3086.67 3063.33 2886.67 2760 2570 2313.33 1846.67 1953.33 1736.67 1756.67 1760 1830 1870 1913.33 2166.67 2173.33 2213.33 2070 2020 2200 2330 2356.67 2343.33
-99999 -99999 -99999 -99999 -99999 -99999 -99999 -99999 -99999 -99999 -99999 -99999 -99999 -99999 -99999 -99999 1463.33 1520 1656.67 1713.33 1663.33 1666.67 1646.67 2520 2440 2146.67 2466.67 2523.33 2593.33 -99999 -99999 -99999 -99999 -99999 -99999 -99999 -99999 -99999 -99999 3206.67 3173.33 3246.67 3243.33 3293.33 3020 3000 3090 2906.67 3016.67 3090 3403.33 3413.33 2846.67 2476.67 2130 1830 1900 1890 1866.67 1810 1826.67 1880 2103.33 2070 2210 2113.33 2096.67 2150 2296.67 2366.67 2343.33
