assets/server-info/layers/temp_coolest.asc
NCOLS 494
NROWS 531
XLLCORNER -117
YLLCORNER -55.8333
CELLSIZE 0.166667
NODATA_VALUE -99999
[rows 192 to 223 of 531, columns 284 to 354 of 494]
2393.33 2443.33 2443.33 2443.33 2443.33 2450 2456.67 2453.33 2453.33 2460 2463.33 2466.67 2470 2470 2470 2470 2473.33 2476.67 2480 2453.33 2423.33 2453.33 2400 2403.33 2373.33 2373.33 2436.67 2373.33 2323.33 2353.33 2406.67 2406.67 2433.33 2506.67 2476.67 2473.33 2506.67 2506.67 2476.67 2530 2533.33 2543.33 2556.67 2563.33 2563.33 2570 2573.33 2546.67 2616.67 2586.67 2593.33 2536.67 2570 2570 2573.33 2580 2580 2580 2570 2570 2573.33 2576.67 2556.67 2553.33 2610 2620 2653.33 2676.67 2676.67 2653.33 2660
2393.33 2416.67 2443.33 2443.33 2446.67 2450 2450 2453.33 2453.33 2453.33 2453.33 2460 2460 2463.33 2460 2460 2460 2463.33 2463.33 2470 2446.67 2446.67 2423.33 2426.67 2426.67 2426.67 2463.33 2430 2433.33 2433.33 2433.33 2463.33 2460 2523.33 2503.33 2500 2500 2506.67 2506.67 2506.67 2510 2526.67 2550 2550 2553.33 2563.33 2570 2570 2580 2580 2586.67 2590 2593.33 2570 2546.67 2603.33 2610 2590 2563.33 2570 2573.33 2573.33 2576.67 2610 2610 2616.67 2620 2656.67 2660 2653.33 2660
2416.67 2420 2443.33 2446.67 2450 2453.33 2450 2453.33 2450 2453.33 2453.33 2460 2453.33 2453.33 2450 2453.33 2453.33 2450 2460 2466.67 2436.67 2443.33 2420 2423.33 2453.33 2453.33 2486.67 2463.33 2463.33 2463.33 2430 2460 2483.33 2490 2500 2500 2500 2506.67 2503.33 2503.33 2466.67 2513.33 2526.67 2530 2533.33 2550 2563.33 2593.33 2570 2580 2580 2590 2590 2593.33 2596.67 2600 2606.67 2590 2563.33 2566.67 2573.33 2573.33 2606.67 2610 2610 2616.67 2616.67 2650 2660 2630 2636.67
2420 2420 2420 2420 2450 2456.67 2453.33 2450 2446.67 2450 2453.33 2453.33 2453.33 2450 2443.33 2443.33 2443.33 2450 2450 2460 2426.67 2436.67 2440 2443.33 2476.67 2450 2453.33 2483.33 2483.33 2483.33 2456.67 2483.33 2490 2490 2490 2500 2500 2503.33 2490 2493.33 2493.33 2503.33 2520 2520 2530 2533.33 2540 2570 2550 2553.33 2576.67 2580 2590 2590 2593.33 2593.33 2573.33 2546.67 2550 2550 2553.33 2553.33 2606.67 2610 2613.33 2613.33 2616.67 2650 2653.33 2656.67 2660
2426.67 2423.33 2423.33 2426.67 2426.67 2423.33 2426.67 2423.33 2420 2423.33 2483.33 2483.33 2476.67 2480 2473.33 2473.33 2473.33 2473.33 2480 2480 2486.67 2486.67 2496.67 2533.33 2503.33 2536.67 2536.67 2513.33 2540 2540 2513.33 2543.33 2546.67 2520 2550 2550 2520 2550 2550 2523.33 2553.33 2560 2533.33 2576.67 2583.33 2556.67 2593.33 2593.33 2570 2580 2583.33 2560 2503.33 2510 2503.33 2510 2480 2483.33 2490 2520 2550 2526.67 2530 2580 2643.33 2700 2706.67 2680 2653.33 2656.67 2603.33
2426.67 2426.67 2426.67 2426.67 2426.67 2426.67 2426.67 2426.67 2423.33 2426.67 2483.33 2483.33 2476.67 2476.67 2473.33 2473.33 2473.33 2473.33 2480 2480 2483.33 2486.67 2493.33 2500 2503.33 2530 2533.33 2536.67 2540 2540 2543.33 2543.33 2550 2550 2550 2550 2550 2550 2553.33 2553.33 2560 2560 2560 2560 2573.33 2583.33 2586.67 2593.33 2600 2576.67 2580 2556.67 2503.33 2480 2503.33 2480 2480 2480 2490 2520 2550 2526.67 2526.67 2576.67 2640 2670 2703.33 2673.33 2680 2656.67 2606.67
2426.67 2426.67 2426.67 2426.67 2426.67 2426.67 2426.67 2426.67 2426.67 2426.67 2483.33 2476.67 2476.67 2476.67 2473.33 2473.33 2473.33 2480 2476.67 2476.67 2483.33 2490 2493.33 2496.67 2496.67 2526.67 2526.67 2530 2536.67 2540 2543.33 2543.33 2546.67 2550 2550 2550 2550 2550 2553.33 2553.33 2560 2560 2560 2560 2560 2576.67 2583.33 2590 2596.67 2570 2576.67 2556.67 2470 2480 2500 2476.67 2506.67 2480 2490 2523.33 2576.67 2580 2560 2576.67 2610 2666.67 2703.33 2706.67 2656.67 2623.33 2600
2426.67 2426.67 2426.67 2426.67 2426.67 2426.67 2426.67 2426.67 2426.67 2426.67 2483.33 2476.67 2476.67 2476.67 2476.67 2476.67 2476.67 2476.67 2476.67 2476.67 2476.67 2486.67 2493.33 2490 2526.67 2526.67 2526.67 2526.67 2533.33 2536.67 2543.33 2540 2543.33 2546.67 2550 2550 2550 2556.67 2556.67 2556.67 2560 2560 2560 2560 2560 2563.33 2580 2586.67 2590 2566.67 2576.67 2553.33 2470 2473.33 2476.67 2506.67 2506.67 2506.67 2513.33 2523.33 2576.67 2613.33 2590 2570 2636.67 2666.67 2703.33 2676.67 2653.33 2616.67 2623.33
2426.67 2426.67 2426.67 2426.67 2426.67 2423.33 2423.33 2423.33 2423.33 2420 2483.33 2476.67 2480 2476.67 2476.67 2473.33 2473.33 2476.67 2476.67 2476.67 2476.67 2486.67 2490 2490 2523.33 2523.33 2526.67 2526.67 2526.67 2533.33 2540 2540 2540 2546.67 2550 2550 2553.33 2556.67 2556.67 2556.67 2556.67 2556.67 2560 2560 2560 2563.33 2563.33 2580 2590 2566.67 2573.33 2553.33 2496.67 2473.33 2476.67 2506.67 2506.67 2510 2516.67 2553.33 2580 2616.67 2616.67 2626.67 2630 2663.33 2643.33 2646.67 2646.67 2646.67 2616.67
2426.67 2426.67 2426.67 2420 2420 2420 2423.33 2420 2420 2420 2473.33 2473.33 2476.67 2480 2476.67 2476.67 2476.67 2476.67 2473.33 2476.67 2476.67 2483.33 2490 2490 2520 2523.33 2523.33 2523.33 2526.67 2520 2540 2540 2540 2543.33 2550 2550 2553.33 2556.67 2556.67 2556.67 2556.67 2556.67 2556.67 2560 2560 2563.33 2563.33 2580 2590 2566.67 2573.33 2553.33 2523.33 2503.33 2503.33 2510 2540 2543.33 2546.67 2550 2583.33 2616.67 2646.67 2653.33 2626.67 2660 2636.67 2636.67 2640 2646.67 2613.33
2430 2430 2460 2430 2420 2416.67 2416.67 2420 2420 2420 2473.33 2473.33 2473.33 2473.33 2473.33 2470 2473.33 2473.33 2476.67 2476.67 2476.67 2476.67 2510 2516.67 2516.67 2523.33 2523.33 2523.33 2516.67 2516.67 2523.33 2540 2540 2543.33 2550 2546.67 2553.33 2556.67 2556.67 2556.67 2556.67 2556.67 2560 2560 2560 2563.33 2563.33 2566.67 2583.33 2596.67 2543.33 2553.33 2526.67 2530 2540 2566.67 2546.67 2546.67 2546.67 2576.67 2576.67 2583.33 2613.33 2616.67 2650 2603.33 2603.33 2636.67 2636.67 2640 2646.67
2433.33 2430 2430 2430 2416.67 2416.67 2416.67 2416.67 2416.67 2420 2473.33 2473.33 2470 2470 2470 2470 2470 2470 2466.67 2476.67 2473.33 2473.33 2506.67 2510 2510 2513.33 2503.33 2503.33 2516.67 2516.67 2523.33 2530 2530 2540 2546.67 2546.67 2553.33 2556.67 2556.67 2556.67 2556.67 2556.67 2560 2560 2560 2563.33 2563.33 2580 2590 2593.33 2543.33 2550 2523.33 2533.33 2536.67 2536.67 2543.33 2543.33 2513.33 2546.67 2546.67 2576.67 2606.67 2610 2600 2603.33 2603.33 2636.67 2640 2640 2646.67
2433.33 2430 2430 2430 2416.67 2416.67 2416.67 2416.67 2416.67 2416.67 2473.33 2473.33 2473.33 2473.33 2473.33 2470 2466.67 2466.67 2463.33 2473.33 2473.33 2473.33 2500 2503.33 2496.67 2503.33 2503.33 2503.33 2506.67 2516.67 2516.67 2530 2530 2533.33 2543.33 2546.67 2553.33 2556.67 2556.67 2556.67 2556.67 2556.67 2560 2560 2563.33 2563.33 2566.67 2583.33 2593.33 2593.33 2573.33 2546.67 2556.67 2556.67 2533.33 2536.67 2536.67 2536.67 2536.67 2540 2543.33 2543.33 2600 2606.67 2573.33 2573.33 2600 2630 2640 2643.33 2646.67
2453.33 2440 2436.67 2433.33 2430 2416.67 2416.67 2416.67 2416.67 2416.67 2476.67 2473.33 2470 2466.67 2466.67 2466.67 2466.67 2460 2456.67 2456.67 2463.33 2463.33 2493.33 2493.33 2493.33 2493.33 2500 2503.33 2506.67 2510 2516.67 2523.33 2530 2540 2543.33 2546.67 2546.67 2556.67 2556.67 2556.67 2556.67 2560 2560 2563.33 2563.33 2563.33 2566.67 2576.67 2593.33 2600 2573.33 2550 2573.33 2566.67 2546.67 2513.33 2506.67 2546.67 2510 2536.67 2540 2543.33 2573.33 2600 2570 2580 2583.33 2603.33 2636.67 2640 2646.67
2456.67 2443.33 2440 2440 2440 2420 2420 2416.67 2416.67 2416.67 2473.33 2473.33 2473.33 2466.67 2466.67 2460 2456.67 2460 2453.33 2453.33 2460 2453.33 2483.33 2483.33 2493.33 2493.33 2496.67 2500 2506.67 2510 2513.33 2520 2530 2540 2540 2543.33 2546.67 2553.33 2556.67 2556.67 2560 2560 2563.33 2563.33 2563.33 2566.67 2576.67 2576.67 2580 2596.67 2573.33 2570 2566.67 2566.67 2543.33 2506.67 2540 2543.33 2513.33 2513.33 2520 2520 2553.33 2560 2600 2576.67 2580 2633.33 2636.67 2640 2643.33
2460 2456.67 2440 2466.67 2436.67 2436.67 2423.33 2420 2420 2416.67 2473.33 2473.33 2470 2466.67 2463.33 2460 2456.67 2456.67 2453.33 2453.33 2453.33 2453.33 2480 2483.33 2483.33 2493.33 2493.33 2500 2506.67 2510 2513.33 2516.67 2533.33 2540 2540 2543.33 2546.67 2553.33 2553.33 2560 2563.33 2563.33 2563.33 2563.33 2563.33 2576.67 2576.67 2580 2586.67 2600 2570 2566.67 2566.67 2566.67 2566.67 2540 2540 2540 2543.33 2546.67 2516.67 2520 2550 2586.67 2600 2603.33 2580 2630 2633.33 2640 2646.67
2490 2486.67 2483.33 2473.33 2473.33 2466.67 2460 2456.67 2453.33 2453.33 2453.33 2440 2436.67 2463.33 2460 2460 2453.33 2453.33 2453.33 2450 2450 2446.67 2476.67 2476.67 2483.33 2483.33 2493.33 2500 2503.33 2506.67 2513.33 2513.33 2533.33 2540 2540 2540 2546.67 2553.33 2560 2563.33 2563.33 2563.33 2563.33 2563.33 2566.67 2576.67 2576.67 2583.33 2586.67 2600 2596.67 2600 2563.33 2596.67 2563.33 2536.67 2536.67 2536.67 2540 2570 2543.33 2550 2550 2560 2566.67 2570 2583.33 2613.33 2663.33 2666.67 2673.33
2493.33 2490 2483.33 2473.33 2470 2463.33 2463.33 2460 2456.67 2453.33 2450 2446.67 2446.67 2473.33 2470 2463.33 2460 2453.33 2446.67 2446.67 2443.33 2443.33 2473.33 2473.33 2480 2483.33 2486.67 2496.67 2500 2506.67 2513.33 2513.33 2533.33 2540 2540 2540 2546.67 2556.67 2563.33 2563.33 2563.33 2563.33 2563.33 2563.33 2576.67 2576.67 2576.67 2583.33 2583.33 2596.67 2596.67 2593.33 2596.67 2600 2566.67 2566.67 2530 2533.33 2533.33 2566.67 2536.67 2543.33 2546.67 2590 2563.33 2570 2573.33 2643.33 2653.33 2666.67 2670
2493.33 2483.33 2483.33 2476.67 2466.67 2466.67 2463.33 2463.33 2456.67 2453.33 2450 2446.67 2446.67 2473.33 2463.33 2460 2456.67 2450 2450 2443.33 2446.67 2446.67 2473.33 2473.33 2476.67 2483.33 2483.33 2496.67 2500 2503.33 2513.33 2526.67 2530 2540 2540 2540 2553.33 2553.33 2563.33 2563.33 2563.33 2563.33 2563.33 2566.67 2573.33 2576.67 2576.67 2583.33 2580 2593.33 2596.67 2596.67 2596.67 2593.33 2566.67 2560 2563.33 2533.33 2536.67 2566.67 2566.67 2540 2576.67 2610 2593.33 2593.33 2603.33 2643.33 2653.33 2656.67 2666.67
2486.67 2483.33 2480 2470 2470 2463.33 2463.33 2460 2460 2453.33 2453.33 2446.67 2446.67 2473.33 2466.67 2460 2456.67 2450 2450 2446.67 2446.67 2446.67 2473.33 2473.33 2476.67 2483.33 2486.67 2493.33 2500 2503.33 2513.33 2526.67 2530 2540 2540 2553.33 2553.33 2553.33 2560 2563.33 2563.33 2563.33 2563.33 2566.67 2573.33 2576.67 2576.67 2580 2576.67 2593.33 2593.33 2593.33 2593.33 2596.67 2560 2563.33 2590 2566.67 2566.67 2570 2600 2570 2600 2610 2613.33 2593.33 2630 2613.33 2646.67 2656.67 2666.67
2490 2483.33 2480 2470 2470 2463.33 2463.33 2460 2460 2456.67 2453.33 2450 2446.67 2473.33 2466.67 2460 2456.67 2450 2450 2446.67 2446.67 2446.67 2473.33 2473.33 2476.67 2483.33 2486.67 2496.67 2500 2503.33 2513.33 2523.33 2530 2536.67 2546.67 2550 2553.33 2556.67 2560 2560 2560 2563.33 2563.33 2563.33 2573.33 2573.33 2573.33 2576.67 2580 2593.33 2593.33 2593.33 2593.33 2590 2560 2590 2596.67 2560 2590 2596.67 2596.67 2600 2600 2610 2613.33 2623.33 2626.67 2643.33 2650 2656.67 2666.67
2490 2480 2473.33 2466.67 2466.67 2466.67 2456.67 2456.67 2456.67 2456.67 2453.33 2450 2450 2473.33 2470 2460 2460 2453.33 2450 2450 2446.67 2446.67 2473.33 2476.67 2480 2483.33 2490 2496.67 2503.33 2503.33 2513.33 2526.67 2530 2543.33 2546.67 2550 2553.33 2556.67 2553.33 2560 2560 2563.33 2563.33 2563.33 2570 2570 2570 2576.67 2580 2590 2593.33 2593.33 2593.33 2593.33 2593.33 2593.33 2590 2560 2590 2590 2596.67 2600 2600 2610 2613.33 2623.33 2626.67 2640 2650 2656.67 2666.67
2490 2480 2470 2466.67 2460 2456.67 2456.67 2456.67 2456.67 2456.67 2460 2450 2450 2476.67 2473.33 2463.33 2460 2456.67 2450 2450 2450 2450 2476.67 2480 2483.33 2486.67 2493.33 2500 2503.33 2506.67 2513.33 2526.67 2530 2543.33 2546.67 2550 2553.33 2553.33 2553.33 2553.33 2556.67 2556.67 2560 2563.33 2563.33 2566.67 2570 2573.33 2576.67 2590 2590 2590 2590 2593.33 2590 2566.67 2590 2590 2560 2590 2590 2600 2600 2603.33 2610 2616.67 2603.33 2633.33 2646.67 2656.67 2663.33
2496.67 2480 2466.67 2460 2453.33 2453.33 2453.33 2456.67 2456.67 2456.67 2460 2460 2450 2476.67 2476.67 2470 2460 2460 2460 2456.67 2450 2450 2483.33 2483.33 2486.67 2490 2493.33 2503.33 2503.33 2510 2523.33 2526.67 2530 2546.67 2546.67 2546.67 2546.67 2546.67 2550 2550 2550 2553.33 2556.67 2560 2563.33 2566.67 2570 2573.33 2576.67 2580 2590 2590 2590 2593.33 2593.33 2566.67 2590 2590 2590 2590 2593.33 2600 2600 2603.33 2610 2616.67 2593.33 2630 2643.33 2650 2663.33
2500 2480 2466.67 2460 2453.33 2453.33 2453.33 2456.67 2456.67 2460 2460 2460 2456.67 2480 2476.67 2473.33 2463.33 2460 2460 2460 2460 2460 2483.33 2486.67 2490 2493.33 2500 2503.33 2503.33 2513.33 2526.67 2533.33 2543.33 2546.67 2546.67 2546.67 2546.67 2546.67 2546.67 2546.67 2550 2550 2556.67 2560 2563.33 2563.33 2570 2573.33 2576.67 2576.67 2583.33 2590 2593.33 2593.33 2590 2563.33 2590 2590 2590 2590 2596.67 2600 2600 2603.33 2613.33 2623.33 2623.33 2630 2640 2653.33 2656.67
2513.33 2500 2476.67 2463.33 2453.33 2453.33 2456.67 2456.67 2463.33 2460 2460 2460 2460 2483.33 2476.67 2476.67 2476.67 2463.33 2463.33 2460 2460 2460 2486.67 2493.33 2493.33 2496.67 2503.33 2503.33 2506.67 2523.33 2530 2533.33 2540 2543.33 2546.67 2546.67 2546.67 2546.67 2546.67 2546.67 2546.67 2546.67 2553.33 2556.67 2563.33 2563.33 2570 2566.67 2573.33 2576.67 2583.33 2583.33 2593.33 2590 2590 2563.33 2563.33 2593.33 2566.67 2593.33 2596.67 2596.67 2600 2606.67 2613.33 2623.33 2626.67 2640 2640 2650 2623.33
2526.67 2506.67 2486.67 2470 2463.33 2460 2460 2463.33 2463.33 2463.33 2460 2460 2460 2483.33 2483.33 2480 2476.67 2476.67 2466.67 2463.33 2463.33 2463.33 2496.67 2493.33 2500 2503.33 2503.33 2503.33 2520 2526.67 2533.33 2536.67 2543.33 2543.33 2543.33 2546.67 2546.67 2540 2540 2540 2540 2546.67 2550 2556.67 2560 2563.33 2573.33 2566.67 2573.33 2576.67 2583.33 2586.67 2586.67 2590 2593.33 2560 2563.33 2563.33 2563.33 2593.33 2596.67 2600 2600 2606.67 2616.67 2623.33 2626.67 2640 2613.33 2616.67 2623.33
2536.67 2516.67 2500 2480 2470 2466.67 2466.67 2466.67 2466.67 2466.67 2460 2460 2460 2483.33 2483.33 2480 2480 2476.67 2476.67 2466.67 2466.67 2466.67 2500 2500 2500 2503.33 2503.33 2510 2523.33 2533.33 2533.33 2540 2543.33 2543.33 2543.33 2543.33 2540 2540 2540 2540 2540 2546.67 2550 2556.67 2560 2563.33 2566.67 2570 2570 2576.67 2580 2583.33 2583.33 2596.67 2590 2560 2560 2560 2563.33 2600 2600 2600 2603.33 2606.67 2620 2623.33 2600 2606.67 2613.33 2616.67 2616.67
2580 2563.33 2540 2523.33 2513.33 2510 2510 2506.67 2503.33 2500 2500 2496.67 2493.33 2483.33 2483.33 2483.33 2480 2480 2480 2510 2506.67 2506.67 2503.33 2503.33 2503.33 2506.67 2510 2510 2516.67 2533.33 2540 2540 2543.33 2543.33 2546.67 2543.33 2540 2540 2540 2536.67 2540 2546.67 2546.67 2556.67 2560 2563.33 2566.67 2570 2573.33 2576.67 2580 2583.33 2586.67 2586.67 2596.67 2593.33 2593.33 2596.67 2596.67 2596.67 2596.67 2573.33 2573.33 2573.33 2580 2600 2600 2603.33 2613.33 2616.67 2616.67
2580 2566.67 2553.33 2540 2523.33 2520 2513.33 2510 2510 2510 2510 2506.67 2496.67 2496.67 2490 2483.33 2483.33 2480 2480 2510 2510 2510 2506.67 2513.33 2506.67 2510 2510 2513.33 2530 2533.33 2540 2540 2543.33 2543.33 2546.67 2546.67 2540 2540 2540 2540 2540 2546.67 2550 2556.67 2560 2560 2566.67 2573.33 2573.33 2580 2576.67 2583.33 2586.67 2586.67 2586.67 2596.67 2596.67 2596.67 2600 2600 2603.33 2570 2573.33 2576.67 2580 2593.33 2603.33 2603.33 2610 2616.67 2616.67
2580 2570 2553.33 2540 2533.33 2523.33 2520 2513.33 2510 2510 2510 2510 2506.67 2496.67 2496.67 2490 2483.33 2483.33 2480 2513.33 2513.33 2513.33 2513.33 2513.33 2513.33 2510 2510 2526.67 2533.33 2536.67 2540 2540 2543.33 2543.33 2546.67 2546.67 2546.67 2540 2540 2540 2546.67 2546.67 2553.33 2560 2560 2563.33 2566.67 2573.33 2576.67 2580 2583.33 2583.33 2586.67 2586.67 2586.67 2593.33 2596.67 2596.67 2600 2600 2603.33 2603.33 2573.33 2576.67 2583.33 2596.67 2600 2603.33 2606.67 2616.67 2616.67
2580 2570 2560 2553.33 2540 2536.67 2516.67 2516.67 2513.33 2510 2510 2510 2510 2496.67 2496.67 2490 2490 2486.67 2483.33 2516.67 2513.33 2513.33 2513.33 2513.33 2520 2526.67 2526.67 2526.67 2530 2540 2543.33 2543.33 2546.67 2543.33 2543.33 2546.67 2546.67 2546.67 2546.67 2546.67 2546.67 2553.33 2556.67 2560 2563.33 2566.67 2566.67 2576.67 2576.67 2573.33 2583.33 2583.33 2583.33 2586.67 2590 2586.67 2590 2600 2600 2603.33 2606.67 2573.33 2580 2583.33 2583.33 2600 2600 2603.33 2603.33 2613.33 2613.33
